([106.0, 116.0, 134.0, 149.0, 157.0, 93.0, 97.0, 106.0, 113.0, 117.0, 4051.0, 4328.0, 4870.0, 5274.0, 5434.0, 4.0, 4.4, 9.1, 6.66, 3.11], 1)
([112.0, 125.0, 142.0, 161.0, 175.0, 100.0, 106.0, 113.0, 120.0, 126.0, 8471.0, 9375.0, 10540.0, 11820.0, 12781.0, 6.1, 6.37, 6.76, 5.83, 5.01], 1)
([346.0, 383.0, 432.0, 488.0, 545.0, 313.0, 329.0, 350.0, 369.0, 393.0, 9891.0, 10686.0, 11801.0, 13007.0, 14200.0, 4.41, 5.25, 6.33, 5.52, 6.45], 1)
([447.0, 492.0, 553.0, 608.0, 648.0, 411.0, 433.0, 458.0, 480.0, 502.0, 22023.0, 23524.0, 26007.0, 27776.0, 28787.0, 5.0, 5.4, 5.8, 4.64, 4.75], 1)
([500.0, 590.0, 695.0, 807.0, 915.0, 446.0, 501.0, 551.0, 600.0, 641.0, 9292.0, 10743.0, 12062.0, 13710.0, 15311.0, 14.47, 12.35, 9.83, 8.88, 6.83], 1)
([522.0, 605.0, 703.0, 808.0, 908.0, 474.0, 527.0, 577.0, 621.0, 662.0, 6187.0, 7049.0, 7595.0, 8580.0, 9472.0, 16.3, 11.26, 9.48, 7.71, 6.56], 1)
([528.0, 616.0, 713.0, 806.0, 899.0, 475.0, 527.0, 573.0, 609.0, 644.0, 12602.0, 14422.0, 15715.0, 17392.0, 19260.0, 16.39, 10.89, 8.8, 6.35, 5.72], 1)
([529.0, 630.0, 758.0, 921.0, 1063.0, 492.0, 546.0, 609.0, 687.0, 741.0, 8118.0, 9471.0, 11139.0, 13274.0, 15053.0, 7.79, 10.9, 11.52, 12.87, 7.91], 1)
([530.0, 624.0, 748.0, 892.0, 1021.0, 479.0, 533.0, 590.0, 649.0, 696.0, 12440.0, 14379.0, 16690.0, 19427.0, 21586.0, 16.94, 11.27, 10.7, 10.09, 7.17], 1)
([559.0, 652.0, 766.0, 917.0, 1053.0, 493.0, 538.0, 588.0, 649.0, 700.0, 5708.0, 6527.0, 7549.0, 8847.0, 9979.0, 7.78, 9.19, 9.4, 10.24, 7.95], 1)
([588.0, 630.0, 701.0, 764.0, 830.0, 557.0, 581.0, 618.0, 645.0, 673.0, 35239.0, 37133.0, 40531.0, 42005.0, 44920.0, 10.16, 4.26, 6.46, 4.25, 4.43], 1)
([600.0, 676.0, 787.0, 915.0, 1030.0, 552.0, 596.0, 651.0, 710.0, 764.0, 6845.0, 7570.0, 8663.0, 9923.0, 10976.0, 8.83, 8.11, 9.1, 9.15, 7.56], 1)
([611.0, 679.0, 750.0, 829.0, 917.0, 543.0, 567.0, 591.0, 619.0, 649.0, 9385.0, 10245.0, 11134.0, 12099.0, 13174.0, 4.17, 4.39, 4.22, 4.8, 4.82], 1)
([621.0, 687.0, 754.0, 826.0, 911.0, 570.0, 604.0, 639.0, 677.0, 718.0, 14562.0, 15754.0, 16934.0, 18151.0, 19639.0, 6.01, 5.91, 5.94, 5.95, 5.97], 1)
([644.0, 736.0, 871.0, 1044.0, 1204.0, 595.0, 650.0, 713.0, 785.0, 851.0, 33044.0, 37211.0, 42462.0, 48522.0, 55162.0, 11.58, 9.17, 9.72, 10.11, 8.41], 1)
([691.0, 790.0, 902.0, 1014.0, 1112.0, 590.0, 622.0, 661.0, 705.0, 748.0, 12326.0, 13821.0, 15491.0, 17098.0, 18433.0, 5.2, 5.37, 6.25, 6.77, 6.07], 1)
([695.0, 780.0, 870.0, 969.0, 1090.0, 556.0, 584.0, 614.0, 645.0, 678.0, 8848.0, 9642.0, 10420.0, 11267.0, 12274.0, 6.25, 5.04, 5.14, 5.04, 5.16], 1)
([767.0, 856.0, 967.0, 1081.0, 1202.0, 687.0, 729.0, 774.0, 821.0, 873.0, 13704.0, 14865.0, 16363.0, 17794.0, 19257.0, 6.47, 6.05, 6.19, 6.13, 6.29], 1)
([774.0, 833.0, 903.0, 1027.0, 1124.0, 729.0, 763.0, 797.0, 856.0, 895.0, 7179.0, 7435.0, 7973.0, 8908.0, 9384.0, 4.44, 4.65, 4.4, 7.39, 4.6], 1)
([793.0, 903.0, 1013.0, 1094.0, 1210.0, 719.0, 770.0, 810.0, 840.0, 887.0, 28503.0, 31647.0, 34804.0, 36710.0, 39682.0, 7.52, 7.2, 5.2, 3.68, 5.52], 1)
([815.0, 902.0, 1018.0, 1128.0, 1244.0, 746.0, 792.0, 845.0, 886.0, 928.0, 6630.0, 7198.0, 7985.0, 8592.0, 9297.0, 0.32, 6.15, 6.72, 4.86, 4.68], 1)
([818.0, 940.0, 1112.0, 1188.0, 1302.0, 689.0, 733.0, 831.0, 842.0, 892.0, 11435.0, 13108.0, 15438.0, 16438.0, 17954.0, 7.43, 6.33, 13.46, 1.25, 6.02], 1)
([843.0, 956.0, 1087.0, 1235.0, 1383.0, 757.0, 820.0, 882.0, 940.0, 994.0, 5341.0, 5932.0, 6372.0, 7154.0, 7910.0, 17.02, 8.31, 7.45, 6.6, 5.81], 1)
([857.0, 921.0, 992.0, 1070.0, 1157.0, 807.0, 841.0, 875.0, 913.0, 957.0, 26938.0, 28594.0, 30290.0, 32203.0, 34408.0, 4.18, 4.23, 4.06, 4.33, 4.85], 1)
([911.0, 1056.0, 1239.0, 1433.0, 1652.0, 836.0, 935.0, 1032.0, 1132.0, 1240.0, 34495.0, 39252.0, 44681.0, 50469.0, 57342.0, 7.55, 11.76, 10.47, 9.66, 9.48], 1)
([918.0, 1030.0, 1178.0, 1338.0, 1483.0, 838.0, 895.0, 959.0, 1020.0, 1083.0, 22887.0, 25065.0, 28032.0, 31086.0, 33781.0, 7.11, 6.75, 7.17, 6.34, 6.14], 1)
([957.0, 1085.0, 1256.0, 1410.0, 1577.0, 851.0, 913.0, 981.0, 1039.0, 1103.0, 16142.0, 18025.0, 20525.0, 22668.0, 24948.0, 6.96, 7.21, 7.47, 5.96, 6.14], 1)
([964.0, 1083.0, 1184.0, 1289.0, 1416.0, 878.0, 923.0, 974.0, 1025.0, 1074.0, 11575.0, 12925.0, 14025.0, 15174.0, 16600.0, 6.55, 5.17, 5.47, 5.25, 4.83], 1)
([973.0, 1080.0, 1205.0, 1335.0, 1471.0, 830.0, 871.0, 915.0, 961.0, 1006.0, 7847.0, 8527.0, 9310.0, 10103.0, 10931.0, 4.77, 4.96, 5.09, 4.98, 4.71], 1)
([995.0, 1077.0, 1181.0, 1309.0, 1478.0, 944.0, 1006.0, 1069.0, 1135.0, 1228.0, 14654.0, 15547.0, 16709.0, 18257.0, 20384.0, 6.25, 6.52, 6.36, 6.12, 8.25], 1)
([1036.0, 1115.0, 1201.0, 1287.0, 1394.0, 985.0, 1034.0, 1086.0, 1141.0, 1199.0, 14588.0, 15463.0, 16294.0, 17111.0, 18081.0, 4.68, 4.96, 5.11, 5.04, 5.07], 1)
([1069.0, 1217.0, 1381.0, 1572.0, 1765.0, 984.0, 1063.0, 1143.0, 1223.0, 1309.0, 16514.0, 18682.0, 21150.0, 23975.0, 26814.0, 8.19, 8.02, 7.56, 7.01, 7.02], 1)
([1162.0, 1306.0, 1484.0, 1630.0, 1822.0, 1042.0, 1106.0, 1166.0, 1222.0, 1298.0, 13944.0, 15363.0, 17129.0, 18402.0, 20172.0, 7.13, 6.14, 5.47, 4.79, 6.18], 1)
([1162.0, 1338.0, 1499.0, 1700.0, 1877.0, 1015.0, 1084.0, 1160.0, 1243.0, 1308.0, 6768.0, 7643.0, 8413.0, 9373.0, 10189.0, 10.97, 6.76, 7.03, 7.14, 5.2], 1)
([1163.0, 1317.0, 1465.0, 1625.0, 1774.0, 1000.0, 1046.0, 1094.0, 1144.0, 1196.0, 8649.0, 9672.0, 10622.0, 11645.0, 12552.0, 4.43, 4.54, 4.59, 4.61, 4.59], 1)
([1164.0, 1314.0, 1468.0, 1643.0, 1829.0, 1025.0, 1078.0, 1129.0, 1184.0, 1242.0, 10064.0, 11153.0, 12244.0, 13474.0, 14761.0, 5.03, 5.16, 4.76, 4.82, 4.98], 1)
([1185.0, 1317.0, 1477.0, 1634.0, 1786.0, 1058.0, 1120.0, 1180.0, 1246.0, 1310.0, 11311.0, 12335.0, 13580.0, 14757.0, 15842.0, 5.9, 5.8, 5.4, 5.6, 5.14], 1)
([1191.0, 1364.0, 1566.0, 1758.0, 1904.0, 1005.0, 1066.0, 1132.0, 1196.0, 1265.0, 19184.0, 21307.0, 23770.0, 25941.0, 27328.0, 7.9, 6.06, 6.21, 5.59, 5.81], 1)
([1194.0, 1308.0, 1444.0, 1609.0, 1774.0, 1133.0, 1192.0, 1254.0, 1319.0, 1389.0, 13906.0, 15047.0, 16421.0, 18116.0, 19742.0, 4.96, 5.2, 5.18, 5.22, 5.29], 1)
([1198.0, 1359.0, 1543.0, 1721.0, 1924.0, 1091.0, 1168.0, 1248.0, 1320.0, 1402.0, 16386.0, 18308.0, 20499.0, 22542.0, 24860.0, 6.92, 7.12, 6.81, 5.8, 6.17], 1)
([1212.0, 1349.0, 1401.0, 1543.0, 1769.0, 1053.0, 1108.0, 1087.0, 1134.0, 1262.0, 26510.0, 28646.0, 28943.0, 30990.0, 34479.0, 5.02, 5.29, 1.9, 4.34, 11.25], 1)
([1253.0, 1407.0, 1588.0, 1751.0, 1923.0, 1062.0, 1108.0, 1178.0, 1239.0, 1309.0, 10762.0, 11710.0, 12802.0, 13688.0, 14594.0, 5.44, 4.42, 6.23, 5.23, 5.63], 1)
([1272.0, 1393.0, 1517.0, 1648.0, 1783.0, 1180.0, 1236.0, 1289.0, 1347.0, 1410.0, 15014.0, 16154.0, 17316.0, 18488.0, 19744.0, 5.16, 4.69, 4.33, 4.47, 4.7], 1)
([1273.0, 1417.0, 1601.0, 1836.0, 2060.0, 1171.0, 1249.0, 1333.0, 1429.0, 1525.0, 36575.0, 39903.0, 44750.0, 49884.0, 54908.0, 6.51, 6.69, 6.76, 7.14, 6.78], 1)
([1338.0, 1502.0, 1715.0, 1900.0, 2110.0, 1127.0, 1185.0, 1262.0, 1338.0, 1417.0, 12404.0, 13826.0, 15645.0, 17202.0, 18998.0, 7.3, 5.15, 6.48, 6.03, 5.91], 1)
([1340.0, 1473.0, 1687.0, 1936.0, 2171.0, 1199.0, 1262.0, 1366.0, 1460.0, 1561.0, 15511.0, 16740.0, 18784.0, 21076.0, 23199.0, 5.74, 5.21, 8.26, 6.85, 6.92], 1)
([1352.0, 1509.0, 1672.0, 1919.0, 2208.0, 1258.0, 1342.0, 1436.0, 1529.0, 1614.0, 20514.0, 22589.0, 24657.0, 27938.0, 31671.0, 6.61, 6.7, 6.98, 6.48, 5.57], 1)
([1412.0, 1587.0, 1775.0, 1975.0, 2136.0, 1273.0, 1364.0, 1438.0, 1502.0, 1548.0, 28693.0, 31052.0, 33830.0, 36460.0, 38491.0, 9.54, 7.14, 5.45, 4.43, 3.05], 1)
([1428.0, 1628.0, 1880.0, 2120.0, 2334.0, 1300.0, 1424.0, 1549.0, 1658.0, 1753.0, 28170.0, 31440.0, 35470.0, 39484.0, 43127.0, 8.92, 9.59, 8.79, 7.01, 5.74], 1)
([1444.0, 1563.0, 1686.0, 1798.0, 1956.0, 1316.0, 1375.0, 1426.0, 1478.0, 1539.0, 13405.0, 14199.0, 15033.0, 15702.0, 16759.0, 4.18, 4.49, 3.72, 3.62, 4.14], 1)
([1483.0, 1645.0, 1868.0, 2101.0, 2286.0, 1340.0, 1423.0, 1511.0, 1605.0, 1689.0, 15890.0, 17407.0, 19496.0, 21665.0, 23273.0, 6.35, 6.23, 6.16, 6.2, 5.25], 1)
([1514.0, 1686.0, 1890.0, 2122.0, 2379.0, 1365.0, 1423.0, 1492.0, 1567.0, 1645.0, 11520.0, 12287.0, 13302.0, 14358.0, 15467.0, 4.43, 4.25, 4.85, 5.02, 5.0], 1)
([1541.0, 1734.0, 1980.0, 2165.0, 2406.0, 1424.0, 1550.0, 1698.0, 1768.0, 1875.0, 27024.0, 29940.0, 33603.0, 36224.0, 39369.0, 8.78, 8.83, 9.59, 4.13, 6.04], 1)
([1569.0, 1796.0, 2064.0, 2313.0, 2514.0, 1324.0, 1401.0, 1487.0, 1569.0, 1661.0, 16039.0, 18309.0, 20959.0, 23441.0, 25372.0, 7.07, 5.78, 6.18, 5.51, 5.85], 1)
([1575.0, 1768.0, 1990.0, 2264.0, 2561.0, 1433.0, 1535.0, 1646.0, 1766.0, 1896.0, 14703.0, 16317.0, 18174.0, 20455.0, 22903.0, 7.13, 7.16, 7.18, 7.3, 7.39], 1)
([1576.0, 1783.0, 2023.0, 2243.0, 2456.0, 1342.0, 1403.0, 1488.0, 1573.0, 1666.0, 9423.0, 10605.0, 11983.0, 13237.0, 14444.0, 6.39, 4.55, 6.06, 5.69, 5.88], 1)
([1608.0, 1709.0, 1839.0, 1988.0, 2127.0, 1541.0, 1591.0, 1649.0, 1714.0, 1783.0, 19957.0, 20738.0, 21352.0, 23008.0, 24274.0, 3.98, 3.2, 3.69, 3.89, 4.06], 1)
([1614.0, 1790.0, 1989.0, 2202.0, 2423.0, 1442.0, 1503.0, 1575.0, 1652.0, 1727.0, 8287.0, 9103.0, 10036.0, 11013.0, 12026.0, 4.84, 4.24, 4.8, 4.89, 4.55], 1)
([1623.0, 1758.0, 1932.0, 2128.0, 2334.0, 1498.0, 1573.0, 1651.0, 1762.0, 1882.0, 11165.0, 11903.0, 12898.0, 14016.0, 15067.0, 6.68, 5.03, 4.92, 6.75, 6.8], 1)
([1649.0, 1834.0, 2038.0, 2254.0, 2493.0, 1426.0, 1502.0, 1582.0, 1663.0, 1750.0, 6300.0, 6922.0, 7594.0, 8273.0, 9012.0, 6.0, 5.34, 5.27, 5.17, 5.2], 1)
([1657.0, 1859.0, 2088.0, 2331.0, 2594.0, 1494.0, 1577.0, 1663.0, 1746.0, 1836.0, 16013.0, 17633.0, 19462.0, 21345.0, 23355.0, 5.43, 5.54, 5.44, 4.99, 5.21], 1)
([1664.0, 1798.0, 1934.0, 2078.0, 2240.0, 1532.0, 1591.0, 1652.0, 1716.0, 1790.0, 19998.0, 21228.0, 22422.0, 23649.0, 25025.0, 5.43, 3.86, 3.87, 3.85, 4.32], 1)
([1715.0, 1915.0, 2202.0, 2457.0, 2715.0, 1590.0, 1687.0, 1768.0, 1856.0, 1955.0, 15391.0, 16960.0, 19250.0, 21216.0, 23153.0, 5.45, 6.09, 4.82, 4.96, 5.34], 1)
([1723.0, 1935.0, 2177.0, 2456.0, 2707.0, 1525.0, 1633.0, 1742.0, 1856.0, 1979.0, 15333.0, 16861.0, 18605.0, 20564.0, 22243.0, 6.96, 7.06, 6.7, 6.52, 6.63], 1)
([1799.0, 1982.0, 2198.0, 2418.0, 2651.0, 1616.0, 1689.0, 1758.0, 1836.0, 1923.0, 7660.0, 8226.0, 8941.0, 9606.0, 10292.0, 3.83, 4.49, 4.08, 4.45, 4.76], 1)
([1809.0, 1978.0, 2133.0, 2280.0, 2419.0, 1642.0, 1735.0, 1814.0, 1893.0, 1975.0, 13959.0, 15086.0, 16099.0, 17029.0, 17877.0, 6.27, 5.7, 4.57, 4.33, 4.32], 1)
([1810.0, 2073.0, 2361.0, 2619.0, 2816.0, 1530.0, 1624.0, 1734.0, 1821.0, 1917.0, 20704.0, 23360.0, 26230.0, 28690.0, 30415.0, 7.84, 6.14, 6.76, 5.02, 5.26], 1)
([1826.0, 2048.0, 2283.0, 2532.0, 2812.0, 1642.0, 1725.0, 1809.0, 1893.0, 1991.0, 12348.0, 13635.0, 14971.0, 16367.0, 18013.0, 6.21, 5.09, 4.83, 4.68, 5.19], 1)
([1841.0, 2089.0, 2319.0, 2525.0, 2778.0, 1646.0, 1750.0, 1853.0, 1954.0, 2044.0, 14134.0, 15893.0, 17468.0, 18858.0, 20573.0, 6.21, 6.34, 5.89, 5.44, 4.59], 1)
([1900.0, 2095.0, 2348.0, 2533.0, 2774.0, 1730.0, 1839.0, 1951.0, 2066.0, 2186.0, 38990.0, 42297.0, 46764.0, 49780.0, 53642.0, 5.97, 6.29, 6.08, 5.91, 5.79], 1)
([1926.0, 2173.0, 2418.0, 2692.0, 2993.0, 1651.0, 1742.0, 1812.0, 1896.0, 1991.0, 6430.0, 7096.0, 7738.0, 8437.0, 9190.0, 6.47, 5.54, 4.02, 4.62, 5.01], 1)
([1955.0, 771.0, 879.0, 970.0, 1066.0, 858.0, 650.0, 688.0, 727.0, 768.0, 8166.5, 15565.0, 17562.0, 19122.0, 20775.0, 5.6, 5.9, 5.89, 5.62, 5.69], 1)
([1955.0, 1416.0, 1609.0, 1793.0, 1948.0, 1727.0, 1182.0, 1254.0, 1328.0, 1395.0, 14141.0, 15493.0, 17218.0, 18813.0, 20048.0, 6.22, 6.05, 6.13, 5.88, 5.04], 1)
([1955.0, 2115.0, 2297.0, 2337.0, 2419.0, 1828.0, 1926.0, 2044.0, 2083.0, 2133.0, 44530.0, 47457.0, 50703.0, 50895.0, 51891.0, 4.27, 5.38, 6.13, 1.9, 2.41], 1)
([1964.0, 2144.0, 2439.0, 2209.0, 2241.0, 1488.0, 1537.0, 1663.0, 1760.0, 1849.0, 19028.0, 20439.0, 22858.0, 20377.0, 20366.0, 3.94, 3.27, 8.23, 5.81, 5.03], 1)
([1968.0, 2211.0, 2533.0, 2917.0, 3348.0, 1914.0, 2047.0, 2225.0, 2443.0, 2628.0, 12448.0, 13706.0, 15587.0, 17759.0, 20012.0, 6.33, 6.96, 8.69, 9.82, 7.54], 1)
([1969.0, 2206.0, 2443.0, 2677.0, 2966.0, 1776.0, 1889.0, 1998.0, 2108.0, 2214.0, 14738.0, 16408.0, 18050.0, 19665.0, 21668.0, 6.27, 6.35, 5.77, 5.52, 5.03], 1)
([2005.0, 2207.0, 2112.0, 2321.0, 2526.0, 1759.0, 1862.0, 1682.0, 1785.0, 1883.0, 25668.0, 27402.0, 25469.0, 27251.0, 28804.0, 5.79, 5.83, 9.66, 6.11, 5.52], 1)
([2006.0, 2235.0, 2516.0, 2807.0, 3153.0, 1765.0, 1858.0, 1963.0, 2062.0, 2185.0, 20119.0, 22014.0, 24364.0, 26613.0, 29390.0, 5.78, 5.25, 5.66, 5.03, 5.98], 1)
([2050.0, 2218.0, 2389.0, 2602.0, 2780.0, 1918.0, 2006.0, 2079.0, 2180.0, 2261.0, 14703.0, 15523.0, 16406.0, 17496.0, 18352.0, 4.33, 4.55, 3.63, 4.87, 3.71], 1)
([2054.0, 2296.0, 2576.0, 2915.0, 3305.0, 1890.0, 2037.0, 2198.0, 2366.0, 2555.0, 21828.0, 24288.0, 27173.0, 30688.0, 34710.0, 10.09, 7.81, 7.87, 7.68, 7.97], 1)
([2070.0, 2262.0, 2435.0, 2703.0, 2960.0, 1907.0, 2041.0, 2105.0, 2247.0, 2374.0, 38084.0, 40528.0, 42663.0, 46288.0, 49597.0, 8.58, 7.01, 3.15, 6.75, 5.64], 1)
([2090.0, 2336.0, 2620.0, 2882.0, 3196.0, 1875.0, 1996.0, 2117.0, 2244.0, 2382.0, 42591.0, 45714.0, 49253.0, 52095.0, 55571.0, 6.28, 6.44, 6.05, 6.0, 6.19], 1)
([2103.0, 2301.0, 2514.0, 2715.0, 2939.0, 1887.0, 2002.0, 2124.0, 2251.0, 2380.0, 35993.0, 39021.0, 42171.0, 45112.0, 48353.0, 5.53, 6.11, 6.08, 6.02, 5.71], 1)
([2117.0, 2366.0, 2639.0, 2953.0, 3285.0, 1929.0, 2049.0, 2170.0, 2294.0, 2426.0, 16518.0, 18241.0, 20144.0, 22301.0, 24566.0, 6.34, 6.23, 5.89, 5.72, 5.74], 1)
([2127.0, 2372.0, 2667.0, 3008.0, 3353.0, 1968.0, 2112.0, 2259.0, 2400.0, 2530.0, 24562.0, 26897.0, 29640.0, 32906.0, 36010.0, 5.36, 7.35, 6.93, 6.26, 5.42], 1)
([2158.0, 2420.0, 2729.0, 2964.0, 3238.0, 1930.0, 2054.0, 2177.0, 2307.0, 2440.0, 34690.0, 38082.0, 42103.0, 44837.0, 48113.0, 6.76, 6.44, 6.01, 5.97, 5.75], 1)
([2175.0, 2425.0, 2768.0, 3138.0, 3509.0, 1976.0, 2127.0, 2291.0, 2440.0, 2601.0, 14821.0, 16277.0, 18322.0, 20487.0, 22606.0, 7.47, 7.63, 7.72, 6.52, 6.61], 1)
([2192.0, 2374.0, 2671.0, 2994.0, 3303.0, 2062.0, 2178.0, 2306.0, 2439.0, 2580.0, 14634.0, 15504.0, 17079.0, 18743.0, 20251.0, 5.6, 5.58, 5.89, 5.76, 5.78], 1)
([2192.0, 2429.0, 2702.0, 3029.0, 3353.0, 2049.0, 2163.0, 2281.0, 2420.0, 2568.0, 17140.0, 18918.0, 20931.0, 23372.0, 25786.0, 5.56, 5.6, 5.44, 6.07, 6.12], 1)
([2223.0, 2455.0, 2697.0, 2991.0, 3222.0, 2061.0, 2186.0, 2322.0, 2465.0, 2567.0, 23303.0, 25316.0, 27324.0, 29795.0, 31594.0, 6.93, 6.1, 6.22, 6.17, 4.11], 1)
([2247.0, 2457.0, 2702.0, 2974.0, 3308.0, 2088.0, 2180.0, 2280.0, 2387.0, 2503.0, 9493.0, 10261.0, 11163.0, 12155.0, 13381.0, 4.42, 4.4, 4.58, 4.7, 4.87], 1)
([2286.0, 2547.0, 2838.0, 3144.0, 3443.0, 2106.0, 2234.0, 2367.0, 2504.0, 2636.0, 18796.0, 20799.0, 23062.0, 25397.0, 27655.0, 6.05, 6.1, 5.95, 5.77, 5.27], 1)
([2296.0, 2583.0, 2883.0, 3186.0, 3502.0, 2042.0, 2160.0, 2274.0, 2372.0, 2491.0, 12836.0, 14249.0, 15716.0, 17170.0, 18647.0, 6.4, 5.74, 5.3, 4.32, 5.01], 1)
([2325.0, 2596.0, 2854.0, 3043.0, 3284.0, 2112.0, 2257.0, 2373.0, 2430.0, 2529.0, 26582.0, 29547.0, 32327.0, 34354.0, 36907.0, 6.58, 6.88, 5.16, 2.38, 4.07], 1)
([2337.0, 2612.0, 2948.0, 3264.0, 3559.0, 2033.0, 2147.0, 2264.0, 2378.0, 2498.0, 22825.0, 25073.0, 27806.0, 30285.0, 32475.0, 6.12, 5.59, 5.46, 5.01, 5.04], 1)
([2365.0, 2667.0, 3027.0, 3388.0, 3722.0, 2114.0, 2236.0, 2361.0, 2483.0, 2608.0, 29567.0, 32593.0, 36210.0, 39720.0, 42785.0, 5.37, 5.77, 5.57, 5.19, 5.01], 1)
([2390.0, 2595.0, 2921.0, 3232.0, 3590.0, 2166.0, 2286.0, 2402.0, 2521.0, 2655.0, 16436.0, 17665.0, 19684.0, 21561.0, 23727.0, 7.3, 5.54, 5.1, 4.94, 5.31], 1)
([2394.0, 2686.0, 2982.0, 3301.0, 3664.0, 2129.0, 2244.0, 2359.0, 2477.0, 2603.0, 7864.0, 8676.0, 9481.0, 10327.0, 11308.0, 5.27, 5.43, 5.11, 5.0, 5.09], 1)
([2465.0, 2881.0, 3494.0, 4148.0, 4686.0, 2123.0, 2296.0, 2503.0, 2724.0, 2924.0, 19625.0, 22645.0, 27140.0, 31859.0, 35606.0, 7.88, 8.18, 9.01, 8.81, 7.35], 1)
([2466.0, 2759.0, 3011.0, 3331.0, 3611.0, 2251.0, 2374.0, 2492.0, 2624.0, 2778.0, 13799.0, 15355.0, 16681.0, 18360.0, 19854.0, 5.32, 5.45, 4.98, 5.32, 5.86], 1)
([2469.0, 2815.0, 3222.0, 3646.0, 4026.0, 2175.0, 2323.0, 2490.0, 2683.0, 2845.0, 20181.0, 22838.0, 25983.0, 29203.0, 32082.0, 6.46, 6.79, 7.23, 7.71, 6.06], 1)
([2494.0, 2851.0, 3242.0, 3712.0, 4081.0, 2247.0, 2436.0, 2612.0, 2802.0, 2951.0, 35874.0, 40212.0, 44907.0, 50519.0, 54575.0, 7.79, 8.44, 7.19, 7.29, 5.3], 1)
([2496.0, 2853.0, 3263.0, 3705.0, 4166.0, 2213.0, 2379.0, 2553.0, 2715.0, 2886.0, 18153.0, 20158.0, 22417.0, 24727.0, 27053.0, 7.42, 7.48, 7.31, 6.37, 6.29], 1)
([2501.0, 2643.0, 2780.0, 2968.0, 3172.0, 2347.0, 2402.0, 2428.0, 2509.0, 2624.0, 18856.0, 19520.0, 20125.0, 21095.0, 22137.0, 1.91, 2.33, 1.1, 3.34, 4.57], 1)
([2526.0, 2784.0, 3147.0, 3567.0, 3877.0, 2288.0, 2410.0, 2555.0, 2691.0, 2818.0, 11697.0, 12700.0, 14155.0, 15826.0, 16966.0, 5.4, 5.34, 5.99, 5.34, 4.7], 1)
([2548.0, 2872.0, 3212.0, 3595.0, 4039.0, 2276.0, 2418.0, 2564.0, 2713.0, 2876.0, 19527.0, 21692.0, 23938.0, 26434.0, 29330.0, 6.18, 6.22, 6.07, 5.79, 6.03], 1)
([2559.0, 2860.0, 3208.0, 3568.0, 3950.0, 2281.0, 2426.0, 2571.0, 2717.0, 2876.0, 15547.0, 16960.0, 18558.0, 20145.0, 21784.0, 6.24, 6.36, 6.01, 5.66, 5.85], 1)
([2568.0, 2857.0, 3206.0, 3610.0, 3962.0, 2375.0, 2528.0, 2694.0, 2864.0, 3045.0, 25077.0, 27702.0, 30883.0, 34531.0, 37679.0, 6.31, 6.42, 6.58, 6.29, 6.33], 1)
([2587.0, 2847.0, 3182.0, 3485.0, 3802.0, 2401.0, 2534.0, 2670.0, 2823.0, 2993.0, 16551.0, 17919.0, 19751.0, 21264.0, 22848.0, 7.37, 5.55, 5.35, 5.73, 6.01], 1)
([2590.0, 2983.0, 3378.0, 3777.0, 4232.0, 2202.0, 2354.0, 2504.0, 2679.0, 2866.0, 25292.0, 28423.0, 31436.0, 34353.0, 37621.0, 6.29, 6.87, 6.41, 6.96, 7.0], 1)
([2613.0, 2862.0, 3186.0, 3546.0, 3925.0, 2400.0, 2559.0, 2716.0, 2862.0, 3001.0, 44074.0, 47386.0, 51994.0, 56275.0, 60692.0, 4.0, 6.65, 6.13, 5.39, 4.83], 1)
([2702.0, 3022.0, 3406.0, 3671.0, 4004.0, 2439.0, 2587.0, 2742.0, 2900.0, 3062.0, 33154.0, 36571.0, 40740.0, 43335.0, 46730.0, 6.13, 6.06, 5.99, 5.78, 5.58], 1)
([2703.0, 3057.0, 3429.0, 3836.0, 4263.0, 2459.0, 2605.0, 2757.0, 2913.0, 3063.0, 31608.0, 35628.0, 39799.0, 44332.0, 49117.0, 5.75, 5.96, 5.84, 5.65, 5.15], 1)
([2710.0, 2983.0, 3295.0, 3606.0, 3955.0, 2396.0, 2497.0, 2611.0, 2726.0, 2859.0, 8844.0, 9655.0, 10580.0, 11501.0, 12536.0, 3.91, 4.2, 4.56, 4.4, 4.87], 1)
([2725.0, 3034.0, 3359.0, 3659.0, 4061.0, 2359.0, 2524.0, 2700.0, 2882.0, 3077.0, 40313.0, 43525.0, 46781.0, 49467.0, 53328.0, 6.97, 7.0, 6.98, 6.76, 6.75], 1)
([2736.0, 2917.0, 3250.0, 3606.0, 3965.0, 2598.0, 2705.0, 2829.0, 2963.0, 3111.0, 13316.0, 14037.0, 15464.0, 16989.0, 18495.0, 4.08, 4.11, 4.59, 4.73, 4.99], 1)
([2749.0, 3020.0, 3331.0, 3670.0, 4006.0, 2443.0, 2562.0, 2683.0, 2809.0, 2943.0, 14789.0, 15975.0, 17320.0, 18727.0, 20120.0, 6.22, 4.85, 4.73, 4.7, 4.75], 1)
([2792.0, 3052.0, 3314.0, 3569.0, 3897.0, 2578.0, 2704.0, 2808.0, 2922.0, 3054.0, 14910.0, 15895.0, 16886.0, 17843.0, 19061.0, 4.61, 4.89, 3.84, 4.06, 4.5], 1)
([2834.0, 3067.0, 3312.0, 3552.0, 3806.0, 2661.0, 2805.0, 2929.0, 3071.0, 3207.0, 22126.0, 23405.0, 24715.0, 25963.0, 27209.0, 5.23, 5.39, 4.45, 4.82, 4.43], 1)
([2852.0, 3162.0, 3628.0, 4001.0, 4364.0, 2563.0, 2728.0, 2909.0, 3075.0, 3244.0, 13728.0, 14938.0, 16812.0, 18200.0, 19529.0, 6.78, 6.45, 6.62, 5.72, 5.52], 1)
([2863.0, 3225.0, 3611.0, 4025.0, 4432.0, 2519.0, 2674.0, 2826.0, 2971.0, 3129.0, 19464.0, 21668.0, 23978.0, 26445.0, 28791.0, 6.44, 6.17, 5.68, 5.14, 5.32], 1)
([2878.0, 3187.0, 3486.0, 3812.0, 4197.0, 2536.0, 2659.0, 2787.0, 2916.0, 3055.0, 12026.0, 13191.0, 14258.0, 15432.0, 16865.0, 4.41, 4.82, 4.84, 4.62, 4.76], 1)
([2897.0, 3174.0, 3468.0, 3816.0, 4159.0, 2582.0, 2721.0, 2836.0, 2964.0, 3098.0, 12685.0, 13695.0, 14766.0, 16024.0, 17232.0, 6.11, 5.39, 4.23, 4.5, 4.54], 1)
([3023.0, 3279.0, 3562.0, 3878.0, 4216.0, 2851.0, 2982.0, 3108.0, 3245.0, 3391.0, 19313.0, 20524.0, 21877.0, 23374.0, 24975.0, 4.72, 4.57, 4.24, 4.42, 4.5], 1)
([3025.0, 3298.0, 3727.0, 4123.0, 4452.0, 2697.0, 2833.0, 3027.0, 3220.0, 3350.0, 17835.0, 19052.0, 21108.0, 22894.0, 24246.0, 6.0, 5.04, 6.84, 6.41, 4.03], 1)
([3033.0, 3427.0, 3870.0, 4242.0, 4619.0, 2651.0, 2853.0, 3048.0, 3216.0, 3399.0, 21348.0, 23835.0, 26538.0, 28752.0, 30953.0, 7.78, 7.62, 6.86, 5.48, 5.69], 1)
([3047.0, 3442.0, 3936.0, 4526.0, 5053.0, 2801.0, 2997.0, 3156.0, 3365.0, 3502.0, 23015.0, 25478.0, 28980.0, 32524.0, 35632.0, 7.19, 7.02, 5.29, 6.62, 4.07], 1)
([3075.0, 3514.0, 3912.0, 4288.0, 4729.0, 2759.0, 2925.0, 3084.0, 3235.0, 3401.0, 20435.0, 23030.0, 25272.0, 27347.0, 29762.0, 5.75, 6.01, 5.45, 4.9, 5.11], 1)
([3090.0, 3434.0, 3891.0, 4237.0, 4598.0, 2760.0, 2929.0, 3102.0, 3268.0, 3435.0, 20481.0, 22308.0, 24800.0, 26513.0, 28258.0, 6.04, 6.13, 5.9, 5.35, 5.11], 1)
([3158.0, 3518.0, 3912.0, 4339.0, 4808.0, 2873.0, 3060.0, 3246.0, 3433.0, 3637.0, 16860.0, 18511.0, 20396.0, 22436.0, 24579.0, 6.21, 6.52, 6.09, 5.75, 5.93], 1)
([3191.0, 3533.0, 4000.0, 4439.0, 4998.0, 2876.0, 3074.0, 3262.0, 3454.0, 3658.0, 21118.0, 23014.0, 25644.0, 28018.0, 31096.0, 6.69, 6.89, 6.13, 5.87, 5.9], 1)
([3192.0, 1348.0, 1517.0, 1687.0, 1850.0, 1506.0, 1162.0, 1253.0, 1353.0, 1460.0, 10829.5, 20199.0, 22274.0, 24267.0, 26105.0, 7.82, 7.42, 7.83, 7.98, 7.86], 1)
([3192.0, 2222.0, 2479.0, 2728.0, 2992.0, 2870.0, 1921.0, 2056.0, 2192.0, 2333.0, 17999.0, 19663.0, 21748.0, 23723.0, 25787.0, 7.82, 7.42, 7.02, 6.66, 6.4], 1)
([3193.0, 3576.0, 4064.0, 4570.0, 5119.0, 2919.0, 3143.0, 3373.0, 3578.0, 3816.0, 23425.0, 25601.0, 28351.0, 31108.0, 34037.0, 7.51, 7.67, 7.3, 6.08, 6.64], 1)
([3198.0, 3136.4, 3074.8, 3013.2, 2951.6, 2890.0, 38401.8, 73913.6, 109425.4, 144937.2, 180449.0, 144359.39, 108269.78, 72180.17, 36090.56, 0.95, 0.95, 0.95, 0.95, 0.95], 3)
([3218.0, 3632.0, 4048.0, 4509.0, 4981.0, 2827.0, 2970.0, 3118.0, 3275.0, 3440.0, 13606.0, 15123.0, 16658.0, 18307.0, 19953.0, 5.08, 5.07, 4.99, 5.04, 5.05], 1)
([3232.0, 3684.0, 4276.0, 4907.0, 5485.0, 2794.0, 2994.0, 3198.0, 3417.0, 3670.0, 14378.0, 16284.0, 18789.0, 21431.0, 23827.0, 8.58, 7.19, 6.8, 6.84, 7.42], 1)
([3238.0, 3569.0, 3986.0, 4530.0, 4981.0, 2967.0, 3215.0, 3451.0, 3735.0, 3945.0, 21627.0, 23071.0, 24956.0, 27486.0, 29295.0, 11.18, 8.35, 7.35, 8.22, 5.63], 1)
([3246.0, 3617.0, 4001.0, 4425.0, 4913.0, 2953.0, 3124.0, 3287.0, 3454.0, 3637.0, 16266.0, 17803.0, 19376.0, 21090.0, 23076.0, 5.9, 5.8, 5.23, 5.08, 5.29], 1)
([3267.0, 3662.0, 4050.0, 4413.0, 4776.0, 2918.0, 3085.0, 3256.0, 3407.0, 3578.0, 18482.0, 20460.0, 22373.0, 24117.0, 25829.0, 5.65, 5.72, 5.54, 4.63, 5.02], 1)
([3277.0, 3711.0, 4176.0, 4577.0, 4828.0, 2908.0, 3121.0, 3311.0, 3512.0, 3640.0, 23504.0, 26029.0, 28622.0, 30721.0, 31701.0, 7.31, 7.33, 6.09, 6.06, 3.64], 1)
([3313.0, 3706.0, 4112.0, 4526.0, 4984.0, 2921.0, 3077.0, 3231.0, 3396.0, 3568.0, 12487.0, 13884.0, 15324.0, 16782.0, 18399.0, 5.26, 5.33, 5.01, 5.09, 5.06], 1)
([3314.0, 3703.0, 4181.0, 4545.0, 4983.0, 2948.0, 3141.0, 3344.0, 3551.0, 3767.0, 27272.0, 29949.0, 33261.0, 35559.0, 38391.0, 6.62, 6.56, 6.47, 6.19, 6.08], 1)
([3318.0, 3735.0, 4192.0, 4689.0, 5122.0, 2944.0, 3043.0, 3235.0, 3429.0, 3645.0, 15833.0, 17536.0, 19385.0, 21364.0, 22983.0, 6.35, 3.37, 6.3, 6.0, 6.33], 1)
([3331.0, 3647.0, 3930.0, 4227.0, 4555.0, 3116.0, 3281.0, 3429.0, 3575.0, 3743.0, 15668.0, 16808.0, 17784.0, 18795.0, 19927.0, 5.48, 5.32, 4.51, 4.23, 4.72], 1)
([3356.0, 3767.0, 4315.0, 4985.0, 5731.0, 2967.0, 3218.0, 3461.0, 3705.0, 3946.0, 39777.0, 44153.0, 50041.0, 57208.0, 65152.0, 7.09, 8.45, 7.54, 7.06, 6.51], 1)
([3363.0, 3779.0, 4382.0, 4991.0, 5537.0, 3097.0, 3281.0, 3472.0, 3688.0, 3918.0, 15376.0, 17180.0, 19799.0, 22418.0, 24741.0, 6.2, 5.94, 5.83, 6.22, 6.23], 1)
([3364.0, 3833.0, 4434.0, 4943.0, 5468.0, 3001.0, 3237.0, 3475.0, 3694.0, 3919.0, 19974.0, 22642.0, 26031.0, 28867.0, 31807.0, 8.39, 7.87, 7.35, 6.31, 6.09], 1)
([3439.0, 3768.0, 4080.0, 4443.0, 4887.0, 3038.0, 3198.0, 3367.0, 3554.0, 3754.0, 26939.0, 29158.0, 31235.0, 33663.0, 36662.0, 5.32, 5.24, 5.31, 5.54, 5.62], 1)
([3446.0, 3801.0, 4258.0, 4782.0, 5237.0, 3155.0, 3334.0, 3528.0, 3741.0, 3969.0, 15743.0, 17153.0, 18970.0, 21053.0, 22780.0, 5.33, 5.68, 5.79, 6.05, 6.08], 1)
([3459.0, 4120.0, 4632.0, 5240.0, 5902.0, 3021.0, 3198.0, 3389.0, 3623.0, 3900.0, 17773.0, 20976.0, 23369.0, 26202.0, 29272.0, 7.3, 5.84, 5.99, 6.89, 7.64], 1)
([3480.0, 3899.0, 4298.0, 4729.0, 5195.0, 3074.0, 3217.0, 3356.0, 3505.0, 3662.0, 11679.0, 12925.0, 14092.0, 15341.0, 16686.0, 5.18, 4.65, 4.32, 4.43, 4.48], 1)
([3501.0, 3941.0, 4435.0, 5062.0, 5545.0, 3150.0, 3401.0, 3616.0, 3843.0, 4107.0, 26249.0, 29148.0, 32394.0, 36495.0, 39485.0, 8.8, 7.95, 6.33, 6.28, 6.87], 1)
([3546.0, 3930.0, 4354.0, 4819.0, 5332.0, 3237.0, 3447.0, 3650.0, 3857.0, 4079.0, 26319.0, 28957.0, 31806.0, 34945.0, 38330.0, 6.52, 6.5, 5.88, 5.68, 5.76], 1)
([3546.0, 4124.0, 4756.0, 5416.0, 6115.0, 3153.0, 3384.0, 3623.0, 3848.0, 4029.0, 17634.0, 20308.0, 23299.0, 26251.0, 29085.0, 7.67, 7.31, 7.07, 6.2, 4.7], 1)
([3546.0, 4231.0, 5032.0, 5880.0, 6822.0, 2972.0, 3261.0, 3510.0, 3779.0, 4089.0, 16063.0, 19024.0, 22462.0, 26074.0, 30055.0, 9.45, 9.74, 7.64, 7.65, 8.21], 1)
([3627.0, 4011.0, 4540.0, 5140.0, 5650.0, 3329.0, 3523.0, 3719.0, 3947.0, 4192.0, 14469.0, 15799.0, 17657.0, 19748.0, 21450.0, 4.85, 5.83, 5.56, 6.13, 6.21], 1)
([3664.0, 4036.0, 4427.0, 4882.0, 5371.0, 3358.0, 3567.0, 3775.0, 3991.0, 4222.0, 29886.0, 32600.0, 35497.0, 38833.0, 42491.0, 6.09, 6.2, 5.83, 5.74, 5.77], 1)
([3665.0, 1603.0, 1789.0, 1971.0, 2177.0, 1782.0, 1387.0, 1457.0, 1529.0, 1605.0, 5398.0, 9191.0, 10086.0, 10929.0, 11871.0, 5.06, 5.88, 5.08, 4.9, 5.01], 1)
([3665.0, 2483.0, 2771.0, 3085.0, 3456.0, 3327.0, 2136.0, 2255.0, 2375.0, 2511.0, 9970.0, 12417.0, 13634.0, 14918.0, 16433.0, 5.06, 5.88, 5.57, 5.35, 5.73], 1)
([3691.0, 4181.0, 4749.0, 5351.0, 5911.0, 3363.0, 3633.0, 3889.0, 4140.0, 4429.0, 23569.0, 26000.0, 28796.0, 31683.0, 34183.0, 7.0, 8.02, 7.05, 6.45, 6.98], 1)
([3696.0, 3969.0, 4469.0, 5040.0, 5612.0, 3511.0, 3689.0, 3893.0, 4133.0, 4356.0, 16261.0, 17184.0, 19046.0, 21141.0, 23202.0, 6.18, 5.05, 5.54, 6.16, 5.4], 1)
([3758.0, 4156.0, 4658.0, 5127.0, 5643.0, 3441.0, 3677.0, 3882.0, 4088.0, 4293.0, 13210.0, 14453.0, 16041.0, 17493.0, 19084.0, 6.37, 6.87, 5.56, 5.32, 5.01], 1)
([3811.0, 4268.0, 4745.0, 5351.0, 5948.0, 3474.0, 3705.0, 3911.0, 4139.0, 4414.0, 17176.0, 18906.0, 20665.0, 22948.0, 25109.0, 5.07, 6.67, 5.56, 5.82, 6.64], 1)
([3821.0, 4305.0, 4874.0, 5481.0, 6128.0, 3307.0, 3516.0, 3746.0, 3991.0, 4252.0, 25068.0, 27761.0, 30918.0, 34191.0, 37630.0, 6.23, 6.33, 6.55, 6.53, 6.54], 1)
([3825.0, 4350.0, 4964.0, 5604.0, 6284.0, 3234.0, 3526.0, 3819.0, 4073.0, 4374.0, 21276.0, 24034.0, 27231.0, 30560.0, 34056.0, 9.67, 9.0, 8.33, 6.63, 7.39], 1)
([3939.0, 4404.0, 4911.0, 5459.0, 6038.0, 3421.0, 3595.0, 3778.0, 3969.0, 4167.0, 12314.0, 13399.0, 14511.0, 15685.0, 16762.0, 5.04, 5.07, 5.1, 5.05, 4.99], 1)
([3954.0, 4298.0, 5068.0, 5575.0, 6107.0, 3497.0, 3674.0, 4097.0, 4295.0, 4588.0, 23383.0, 25019.0, 29048.0, 31486.0, 34011.0, 8.32, 5.07, 11.51, 4.84, 6.81], 1)
([3984.0, 4449.0, 5040.0, 5668.0, 6320.0, 3548.0, 3741.0, 3954.0, 4176.0, 4426.0, 16454.0, 18091.0, 20199.0, 22511.0, 24773.0, 4.06, 5.44, 5.67, 5.62, 5.99], 1)
([3986.0, 4458.0, 4979.0, 5557.0, 6194.0, 3459.0, 3606.0, 3764.0, 3929.0, 4120.0, 8884.0, 9865.0, 10915.0, 12098.0, 13416.0, 4.18, 4.25, 4.36, 4.4, 4.86], 1)
([4084.0, 4444.0, 4770.0, 5117.0, 5666.0, 3619.0, 3863.0, 4065.0, 4275.0, 4510.0, 39252.0, 41413.0, 43190.0, 45005.0, 48451.0, 6.04, 6.73, 5.25, 5.16, 5.5], 1)
([4125.0, 4607.0, 5164.0, 5726.0, 6354.0, 3677.0, 3880.0, 4092.0, 4299.0, 4515.0, 15266.0, 16702.0, 18330.0, 19920.0, 21677.0, 6.39, 5.51, 5.47, 5.07, 5.01], 1)
([4164.0, 4667.0, 5192.0, 5791.0, 6467.0, 3744.0, 4040.0, 4360.0, 4676.0, 5022.0, 21979.0, 24096.0, 26228.0, 28641.0, 31324.0, 7.88, 7.9, 7.93, 7.23, 7.41], 1)
([4212.0, 4692.0, 5281.0, 5892.0, 6613.0, 3890.0, 4228.0, 4581.0, 4904.0, 5281.0, 32559.0, 35248.0, 38581.0, 41876.0, 46371.0, 11.85, 8.7, 8.36, 7.05, 7.69], 1)
([4235.0, 4721.0, 5324.0, 5999.0, 6744.0, 3952.0, 4268.0, 4636.0, 5051.0, 5456.0, 29288.0, 31897.0, 35147.0, 38734.0, 42609.0, 9.83, 7.99, 8.63, 8.97, 8.01], 1)
([4269.0, 4773.0, 5303.0, 6076.0, 6666.0, 4022.0, 4288.0, 4575.0, 4861.0, 5110.0, 21359.0, 23669.0, 26080.0, 29642.0, 32264.0, 6.13, 6.61, 6.7, 6.26, 5.1], 1)
([4310.0, 4891.0, 5490.0, 6081.0, 6600.0, 3855.0, 4160.0, 4420.0, 4713.0, 4968.0, 19786.0, 22168.0, 24583.0, 26922.0, 28887.0, 7.88, 7.91, 6.24, 6.63, 5.42], 1)
([4317.0, 4735.0, 5173.0, 5622.0, 6140.0, 3985.0, 4178.0, 4355.0, 4552.0, 4770.0, 24513.0, 26689.0, 28972.0, 31287.0, 33983.0, 5.08, 4.85, 4.23, 4.5, 4.8], 1)
([4326.0, 4856.0, 5439.0, 6052.0, 6723.0, 3920.0, 4152.0, 4393.0, 4637.0, 4905.0, 27040.0, 29891.0, 33029.0, 36236.0, 39759.0, 6.22, 5.94, 5.78, 5.57, 5.76], 1)
([4366.0, 5004.0, 5881.0, 6821.0, 7756.0, 3809.0, 4144.0, 4549.0, 4931.0, 5405.0, 15749.0, 17835.0, 20726.0, 23774.0, 26746.0, 6.58, 8.8, 9.76, 8.4, 9.61], 1)
([4367.0, 4944.0, 5642.0, 6508.0, 7194.0, 3925.0, 4183.0, 4463.0, 4771.0, 5103.0, 20403.0, 22401.0, 24800.0, 27767.0, 29807.0, 6.54, 6.59, 6.68, 6.91, 6.95], 1)
([4394.0, 4833.0, 5346.0, 5949.0, 6560.0, 4051.0, 4315.0, 4561.0, 4813.0, 5076.0, 23105.0, 25136.0, 27653.0, 30539.0, 33435.0, 6.31, 6.51, 5.7, 5.53, 5.46], 1)
([4398.0, 4900.0, 5676.0, 6413.0, 7120.0, 4036.0, 4280.0, 4536.0, 4813.0, 5115.0, 25441.0, 28178.0, 32466.0, 36505.0, 40298.0, 6.25, 6.05, 5.98, 6.11, 6.26], 1)
([4450.0, 4850.0, 5166.0, 5582.0, 6137.0, 3888.0, 4140.0, 4383.0, 4684.0, 4950.0, 43427.0, 46148.0, 47960.0, 50565.0, 54318.0, 6.82, 6.49, 5.85, 6.88, 5.68], 1)
([4488.0, 5018.0, 5636.0, 6142.0, 6750.0, 4069.0, 4324.0, 4592.0, 4874.0, 5168.0, 38664.0, 42435.0, 46775.0, 50085.0, 54122.0, 6.55, 6.28, 6.2, 6.12, 6.04], 1)
([4534.0, 4907.0, 5517.0, 6242.0, 6847.0, 4135.0, 4305.0, 4499.0, 4736.0, 4980.0, 15877.0, 16920.0, 18758.0, 20927.0, 22648.0, 4.88, 4.12, 4.51, 5.27, 5.15], 1)
([4541.0, 5083.0, 5667.0, 6126.0, 6606.0, 4028.0, 4258.0, 4478.0, 4675.0, 4871.0, 40560.0, 44403.0, 48424.0, 51307.0, 54163.0, 6.05, 5.7, 5.17, 4.39, 4.19], 1)
([4549.0, 5061.0, 5564.0, 6123.0, 6730.0, 4060.0, 4299.0, 4472.0, 4650.0, 4889.0, 20234.0, 22124.0, 23893.0, 25663.0, 27720.0, 5.87, 5.9, 4.02, 3.96, 5.15], 1)
([4606.0, 4984.0, 5429.0, 5856.0, 6300.0, 4199.0, 4420.0, 4642.0, 4869.0, 5070.0, 16116.0, 17280.0, 18666.0, 19958.0, 21313.0, 4.9, 5.27, 5.04, 4.89, 4.12], 1)
([4611.0, 5211.0, 5920.0, 6482.0, 7073.0, 3980.0, 4168.0, 4429.0, 4666.0, 4941.0, 12597.0, 14192.0, 16075.0, 17550.0, 19090.0, 6.91, 4.72, 6.27, 5.36, 5.89], 1)
([4642.0, 5071.0, 5463.0, 5886.0, 6286.0, 4348.0, 4584.0, 4770.0, 4970.0, 5174.0, 25259.0, 26945.0, 28421.0, 30019.0, 31366.0, 4.34, 5.44, 4.05, 4.2, 4.1], 1)
([4658.0, 5382.0, 6240.0, 7072.0, 8053.0, 4156.0, 4411.0, 4811.0, 5120.0, 5463.0, 20071.0, 23099.0, 26666.0, 30109.0, 34151.0, 7.5, 6.16, 9.07, 6.41, 6.7], 1)
([4672.0, 5221.0, 5806.0, 6373.0, 7045.0, 4057.0, 4268.0, 4503.0, 4707.0, 4951.0, 14172.0, 15600.0, 17105.0, 18521.0, 20211.0, 5.26, 5.2, 5.51, 4.54, 5.18], 1)
([4672.0, 5283.0, 6022.0, 6689.0, 7355.0, 4135.0, 4451.0, 4767.0, 5106.0, 5440.0, 21208.0, 23440.0, 26125.0, 28395.0, 30542.0, 7.57, 7.64, 7.1, 7.12, 6.53], 1)
([4712.0, 5461.0, 6316.0, 6973.0, 7648.0, 4234.0, 4674.0, 5076.0, 5458.0, 5867.0, 32260.0, 36363.0, 40934.0, 44039.0, 47045.0, 8.7, 10.4, 8.6, 7.53, 7.49], 1)
([4720.0, 5269.0, 6156.0, 7001.0, 7877.0, 4147.0, 4423.0, 4774.0, 5085.0, 5514.0, 13538.0, 15008.0, 17425.0, 19687.0, 22015.0, 7.55, 6.64, 7.93, 6.53, 8.43], 1)
([4724.0, 5255.0, 5773.0, 6265.0, 6879.0, 4199.0, 4463.0, 4700.0, 4943.0, 5191.0, 30729.0, 32729.0, 34439.0, 35829.0, 37733.0, 5.16, 6.28, 5.31, 5.17, 5.02], 1)
([4741.0, 5330.0, 6736.0, 7571.0, 8046.0, 4395.0, 4758.0, 5538.0, 6015.0, 6257.0, 33016.0, 35981.0, 44166.0, 48390.0, 49966.0, 11.8, 8.25, 16.4, 8.61, 4.03], 1)
([4744.0, 5053.0, 5469.0, 5835.0, 6219.0, 4595.0, 4774.0, 4934.0, 5143.0, 5315.0, 26082.0, 27182.0, 28747.0, 30110.0, 31423.0, 0.56, 3.9, 3.36, 4.24, 3.35], 1)
([4758.0, 5421.0, 6262.0, 7080.0, 7877.0, 4233.0, 4557.0, 4956.0, 5358.0, 5787.0, 24082.0, 26740.0, 30134.0, 33239.0, 36129.0, 9.04, 7.67, 8.76, 8.1, 8.02], 1)
([4762.0, 5401.0, 6173.0, 6843.0, 7936.0, 4260.0, 4568.0, 4882.0, 5131.0, 5554.0, 21147.0, 23951.0, 27349.0, 30264.0, 35067.0, 6.93, 7.23, 6.89, 5.1, 8.24], 1)
([4768.0, 5255.0, 1552.0, 1756.0, 1965.0, 1752.33333333333, 1539.66666666667, 1327.0, 1434.0, 1537.0, 7824.0, 14111.0, 20398.0, 22785.0, 25042.0, 8.25, 8.1, 8.03, 8.08, 7.21], 1)
([4768.0, 5255.0, 4440.0, 4966.0, 5456.0, 4412.0, 4707.0, 3830.0, 4104.0, 4353.0, 17188.0, 18680.0, 21253.0, 23467.0, 25324.0, 7.85, 6.68, 9.55, 7.15, 6.08], 1)
([4778.0, 5277.0, 5951.0, 6426.0, 6996.0, 4309.0, 4560.0, 4827.0, 5085.0, 5342.0, 18330.0, 20002.0, 22299.0, 23812.0, 25644.0, 6.01, 5.82, 5.87, 5.33, 5.06], 1)
([4789.0, 5344.0, 5931.0, 6580.0, 7262.0, 4261.0, 4516.0, 4755.0, 5000.0, 5264.0, 19063.0, 21122.0, 23298.0, 25694.0, 28201.0, 6.57, 5.98, 5.3, 5.15, 5.27], 1)
([4824.0, 5402.0, 6119.0, 6735.0, 7372.0, 4277.0, 4571.0, 4860.0, 5180.0, 5471.0, 21775.0, 24091.0, 26972.0, 29350.0, 31752.0, 6.83, 6.89, 6.31, 6.6, 5.62], 1)
([4866.0, 5253.0, 5637.0, 6259.0, 6542.0, 3753.0, 3783.0, 3796.0, 3808.0, 3828.0, 217147.0, 231292.0, 244957.0, 268152.0, 277034.0, 0.41, 0.79, 0.36, 0.3, 0.54], 3)
([4888.0, 5357.0, 5926.0, 6481.0, 7015.0, 4484.0, 4755.0, 4992.0, 5247.0, 5519.0, 40934.0, 44686.0, 49206.0, 53651.0, 57925.0, 5.37, 6.04, 4.98, 5.11, 5.17], 1)
([4888.0, 5435.0, 1484.0, 1593.0, 1800.0, 1620.33333333333, 1440.66666666667, 1261.0, 1297.0, 1401.0, 6528.0, 11655.0, 16782.0, 17844.0, 19963.0, 5.6, 7.4, 4.6, 2.86, 8.08], 1)
([4888.0, 5435.0, 1823.0, 1995.0, 2236.0, 2011.33333333333, 1786.66666666667, 1562.0, 1626.0, 1743.0, 9076.66666666667, 16410.3333333333, 23744.0, 25732.0, 28585.0, 5.7, 6.4, 4.5, 4.09, 7.16], 1)
([4888.0, 5435.0, 2559.0, 2791.0, 3049.0, 4513.0, 4878.0, 2209.0, 2301.0, 2411.0, 18881.0, 20911.0, 26486.0, 28574.0, 30688.0, 10.74, 8.09, 3.17, 4.17, 4.74], 1)
([4903.0, 5358.0, 5648.0, 5764.0, 6057.0, 4651.0, 4886.0, 5003.0, 5135.0, 5281.0, 18562.0, 19916.0, 20746.0, 20708.0, 21407.0, 3.96, 5.04, 2.4, 2.63, 2.85], 1)
([4927.0, 5601.0, 6484.0, 7518.0, 8313.0, 4367.0, 4707.0, 5035.0, 5415.0, 5803.0, 21126.0, 23848.0, 27418.0, 31573.0, 34681.0, 7.32, 7.79, 6.98, 7.54, 7.16], 1)
([4958.0, 5155.0, 5457.0, 5779.0, 6181.0, 4867.0, 5033.0, 5205.0, 5425.0, 5664.0, 33867.0, 34505.0, 35817.0, 37269.0, 39066.0, 3.7, 3.4, 3.42, 4.23, 4.4], 1)
([5051.0, 5469.0, 6142.0, 6474.0, 6900.0, 4606.0, 4871.0, 5136.0, 5343.0, 5603.0, 29053.0, 30990.0, 34281.0, 35612.0, 37433.0, 6.32, 5.75, 5.44, 4.05, 4.85], 1)
([5115.0, 5892.0, 6709.0, 7706.0, 8656.0, 4723.0, 5161.0, 5530.0, 5946.0, 6355.0, 37996.0, 42921.0, 48695.0, 54973.0, 60620.0, 7.53, 9.27, 7.15, 7.52, 6.88], 1)
([5133.0, 5712.0, 6268.0, 6823.0, 7433.0, 4671.0, 4907.0, 5154.0, 5414.0, 5688.0, 18719.0, 20694.0, 22582.0, 24448.0, 26490.0, 5.03, 5.05, 5.03, 5.04, 5.07], 1)
([5147.0, 762.0, 852.0, 943.0, 1042.0, 862.0, 682.0, 734.0, 791.0, 853.0, 12844.5, 24836.0, 27335.0, 29745.0, 32258.0, 7.52, 7.61, 7.69, 7.79, 7.82], 1)
([5147.0, 4895.0, 5510.0, 6103.0, 6656.0, 4758.0, 4384.0, 4733.0, 5023.0, 5301.0, 20416.0, 21670.0, 23977.0, 26126.0, 27957.0, 9.64, 6.47, 7.98, 6.11, 5.53], 1)
([5176.0, 5734.0, 6471.0, 7110.0, 7721.0, 4656.0, 4942.0, 5239.0, 5537.0, 5828.0, 24571.0, 26726.0, 29602.0, 31954.0, 34120.0, 6.15, 6.14, 6.02, 5.68, 5.25], 1)
([5199.0, 5805.0, 6380.0, 7059.0, 7842.0, 4629.0, 4871.0, 5065.0, 5301.0, 5581.0, 22414.0, 24582.0, 26537.0, 28697.0, 31319.0, 4.75, 5.23, 3.98, 4.66, 5.28], 1)
([5222.0, 5889.0, 6675.0, 7487.0, 8230.0, 4679.0, 4982.0, 5312.0, 5640.0, 5931.0, 26792.0, 29629.0, 33015.0, 36062.0, 38913.0, 6.76, 6.48, 6.62, 6.17, 5.17], 1)
([5277.0, 5820.0, 6436.0, 6939.0, 7531.0, 4646.0, 4853.0, 5068.0, 5274.0, 5496.0, 29085.0, 31372.0, 33964.0, 35846.0, 38099.0, 4.7, 4.45, 4.44, 4.07, 4.19], 1)
([5334.0, 6000.0, 6731.0, 7328.0, 8003.0, 4656.0, 4934.0, 5167.0, 5401.0, 5661.0, 32528.0, 35801.0, 39301.0, 41865.0, 44779.0, 6.09, 5.96, 4.72, 4.53, 4.81], 1)
([5353.0, 5914.0, 6516.0, 7140.0, 7850.0, 4943.0, 5199.0, 5461.0, 5738.0, 6032.0, 16311.0, 17623.0, 19004.0, 20400.0, 21993.0, 5.11, 5.18, 5.04, 5.08, 5.12], 1)
([5361.0, 5831.0, 6606.0, 7313.0, 8115.0, 4841.0, 5140.0, 5432.0, 5716.0, 6008.0, 28024.0, 30252.0, 34000.0, 37374.0, 41209.0, 5.57, 6.18, 5.69, 5.23, 5.1], 1)
([5445.0, 5376.4, 5307.8, 5239.2, 5170.6, 5102.0, 19952.4, 34802.8, 49653.2, 64503.6, 79354.0, 63484.046, 47614.092, 31744.138, 15874.184, 4.23, 4.23, 4.23, 4.23, 4.23], 1)
([5467.0, 6011.0, 6299.0, 6708.0, 7359.0, 4851.0, 5193.0, 5410.0, 5697.0, 6009.0, 43973.0, 47921.0, 49794.0, 52621.0, 57312.0, 6.23, 7.04, 4.2, 5.29, 5.48], 1)
([5505.0, 6094.0, 6716.0, 7447.0, 8194.0, 4967.0, 5226.0, 5483.0, 5763.0, 6068.0, 16103.0, 17537.0, 19031.0, 20823.0, 22589.0, 5.42, 5.2, 4.93, 5.11, 5.28], 1)
([5560.0, 6338.0, 7591.0, 8697.0, 9791.0, 4911.0, 5274.0, 5740.0, 6122.0, 6581.0, 18887.0, 21318.0, 25303.0, 28734.0, 32064.0, 6.81, 7.39, 8.82, 6.66, 7.49], 1)
([5692.0, 6198.0, 6690.0, 7056.0, 7470.0, 5013.0, 5178.0, 5256.0, 5272.0, 5428.0, 33570.0, 35756.0, 37752.0, 39005.0, 40440.0, 5.02, 3.3, 1.5, 0.31, 2.97], 1)
([5741.0, 6432.0, 7155.0, 7723.0, 8434.0, 5140.0, 5475.0, 5822.0, 6157.0, 6489.0, 28073.0, 30530.0, 32985.0, 34617.0, 36777.0, 6.19, 6.51, 6.34, 5.75, 5.39], 1)
([5742.0, 6396.0, 7093.0, 7778.0, 8508.0, 5152.0, 5456.0, 5755.0, 6043.0, 6367.0, 19936.0, 21988.0, 24148.0, 26242.0, 28432.0, 5.61, 5.91, 5.48, 5.0, 5.36], 1)
([5794.0, 6558.0, 7344.0, 8168.0, 8849.0, 5121.0, 5493.0, 5859.0, 6118.0, 6432.0, 14746.0, 16465.0, 18185.0, 19963.0, 21348.0, 8.03, 7.26, 6.66, 4.43, 5.12], 1)
([5839.0, 6543.0, 7311.0, 8340.0, 9221.0, 5347.0, 5718.0, 6127.0, 6623.0, 7085.0, 20933.0, 22933.0, 25227.0, 28241.0, 30743.0, 10.02, 6.95, 7.15, 8.09, 6.97], 1)
([5888.0, 6457.0, 7359.0, 8037.0, 8895.0, 5367.0, 5713.0, 6041.0, 6357.0, 6677.0, 15697.0, 17028.0, 19208.0, 20773.0, 22780.0, 6.44, 6.43, 5.75, 5.22, 5.04], 1)
([5912.0, 6631.0, 7288.0, 7853.0, 8807.0, 5332.0, 5660.0, 5997.0, 6342.0, 6726.0, 24664.0, 26990.0, 28929.0, 30436.0, 33389.0, 6.21, 6.14, 5.97, 5.74, 6.06], 1)
([5917.0, 6490.0, 7057.0, 7672.0, 8312.0, 5475.0, 5742.0, 6004.0, 6282.0, 6581.0, 14841.0, 16096.0, 17308.0, 18611.0, 19949.0, 4.37, 4.87, 4.57, 4.62, 4.76], 1)
([5946.0, 6564.0, 7261.0, 8072.0, 8888.0, 5552.0, 5911.0, 6262.0, 6629.0, 7018.0, 26747.0, 29319.0, 32017.0, 35247.0, 38458.0, 6.49, 6.47, 5.93, 5.86, 5.88], 1)
([5985.0, 6687.0, 7276.0, 8001.0, 8639.0, 5463.0, 5733.0, 5974.0, 6271.0, 6594.0, 15589.0, 17318.0, 18737.0, 20491.0, 21994.0, 5.7, 4.95, 4.19, 4.98, 5.16], 1)
([6007.0, 6492.0, 7310.0, 8300.0, 9171.0, 5723.0, 6016.0, 6378.0, 6778.0, 7096.0, 13280.0, 14179.0, 15775.0, 17709.0, 19353.0, 5.95, 5.11, 6.01, 6.27, 4.69], 1)
([6017.0, 6756.0, 7448.0, 8222.0, 9077.0, 5531.0, 5872.0, 6228.0, 6599.0, 6992.0, 25463.0, 27932.0, 30117.0, 32551.0, 35210.0, 6.38, 6.15, 6.08, 5.94, 5.96], 1)
([6068.0, 7041.0, 8450.0, 9969.0, 11510.0, 5523.0, 6086.0, 6772.0, 7446.0, 8081.0, 52087.0, 59274.0, 70783.0, 82110.0, 92984.0, 11.16, 10.2, 11.27, 9.95, 8.54], 1)
([6081.0, 6638.0, 7407.0, 8140.0, 9056.0, 5388.0, 5732.0, 6046.0, 6370.0, 6713.0, 23649.0, 25564.0, 28237.0, 30750.0, 33921.0, 5.75, 6.37, 5.49, 5.36, 5.38], 1)
([6108.0, 6936.0, 8047.0, 9305.0, 10773.0, 5298.0, 5665.0, 6110.0, 6598.0, 7191.0, 21830.0, 24482.0, 28078.0, 32110.0, 36770.0, 8.93, 6.93, 7.87, 7.98, 9.0], 1)
([6114.0, 6939.0, 7939.0, 8984.0, 9995.0, 5595.0, 6027.0, 6495.0, 6906.0, 7363.0, 16837.0, 18969.0, 21565.0, 24251.0, 26805.0, 7.74, 7.73, 7.77, 6.31, 6.62], 1)
([6150.0, 6868.0, 7649.0, 8382.0, 9077.0, 5554.0, 5891.0, 6234.0, 6571.0, 6936.0, 24163.0, 26620.0, 29252.0, 31669.0, 33884.0, 6.06, 6.07, 5.83, 5.4, 5.54], 1)
([6191.0, 6723.0, 7255.0, 7862.0, 8510.0, 5801.0, 6047.0, 6291.0, 6594.0, 6854.0, 15572.0, 16608.0, 17669.0, 18769.0, 19978.0, 4.52, 4.24, 4.03, 4.83, 3.93], 1)
([6243.0, 7187.0, 8374.0, 9568.0, 10856.0, 5483.0, 5909.0, 6414.0, 6774.0, 7241.0, 15534.0, 17751.0, 20536.0, 23309.0, 26270.0, 9.65, 7.77, 8.54, 5.61, 6.9], 1)
([6408.0, 7187.0, 8262.0, 9389.0, 10406.0, 5910.0, 6318.0, 6792.0, 7269.0, 7782.0, 33181.0, 36879.0, 42066.0, 47398.0, 52160.0, 7.12, 6.91, 7.5, 7.03, 7.06], 1)
([6437.0, 6981.0, 7589.0, 7424.0, 7557.0, 5771.0, 6202.0, 6373.0, 6380.0, 6363.0, 43486.0, 46476.0, 49892.0, 48133.0, 48443.0, 5.85, 7.46, 2.76, 0.11, -0.27], 1)
([6439.0, 7657.0, 9279.0, 10901.0, 12397.0, 5837.0, 6528.0, 7318.0, 8066.0, 8816.0, 31303.0, 36144.0, 42409.0, 48322.0, 53244.0, 9.65, 11.83, 12.1, 10.23, 9.3], 1)
([6451.0, 7161.0, 8235.0, 9412.0, 10370.0, 5885.0, 6311.0, 6773.0, 7256.0, 7797.0, 15834.0, 17376.0, 19726.0, 22262.0, 24258.0, 8.88, 7.24, 7.31, 7.13, 7.47], 1)
([6511.0, 7310.0, 8141.0, 8968.0, 9714.0, 5978.0, 6302.0, 6644.0, 6984.0, 7379.0, 21110.0, 23442.0, 25844.0, 28191.0, 30253.0, 5.8, 5.41, 5.43, 5.13, 5.66], 1)
([6638.0, 7452.0, 8381.0, 9345.0, 10041.0, 6044.0, 6459.0, 6837.0, 7247.0, 7601.0, 23306.0, 25883.0, 28810.0, 31812.0, 33877.0, 6.75, 6.86, 5.86, 5.99, 4.89], 1)
([6699.0, 7681.0, 9018.0, 10363.0, 11933.0, 5915.0, 6373.0, 6934.0, 7437.0, 8032.0, 19673.0, 22342.0, 25982.0, 29589.0, 33777.0, 7.0, 7.74, 8.81, 7.26, 7.99], 1)
([6765.0, 7803.0, 8899.0, 10330.0, 11670.0, 6133.0, 6654.0, 7169.0, 7662.0, 8250.0, 32861.0, 37159.0, 41683.0, 47694.0, 53043.0, 7.25, 8.49, 7.74, 6.88, 7.66], 1)
([6908.0, 8737.0, 9310.0, 10058.0, 10964.0, 6150.0, 7223.0, 7543.0, 7910.0, 8314.0, 25690.0, 32234.0, 34087.0, 36563.0, 39597.0, 9.09, 17.43, 4.44, 4.86, 5.11], 1)
([6952.0, 7733.0, 8618.0, 9632.0, 10597.0, 6298.0, 6744.0, 7207.0, 7678.0, 8153.0, 31820.0, 35010.0, 38628.0, 42752.0, 46624.0, 7.24, 7.09, 6.87, 6.54, 6.18], 1)
([6952.0, 7874.0, 8758.0, 9586.0, 10661.0, 6211.0, 6606.0, 7035.0, 7472.0, 7935.0, 16685.0, 18678.0, 20540.0, 22248.0, 24491.0, 6.27, 6.37, 6.49, 6.21, 6.2], 1)
([6973.0, 7770.0, 9020.0, 10274.0, 11304.0, 6366.0, 6728.0, 7135.0, 7580.0, 8031.0, 26190.0, 28991.0, 33433.0, 37831.0, 41356.0, 6.11, 5.69, 6.05, 6.23, 5.95], 1)
([7138.0, 8237.0, 9235.0, 10316.0, 11634.0, 6729.0, 7243.0, 7881.0, 8298.0, 8744.0, 22865.0, 25853.0, 28423.0, 31168.0, 34521.0, 7.7, 7.63, 8.82, 5.29, 5.38], 1)
([7222.0, 1801.0, 2051.0, 2303.0, 2488.0, 2045.5, 1603.0, 1698.0, 1813.0, 1903.0, 8767.5, 15632.0, 17351.0, 18970.0, 19999.0, 6.3, 6.2, 5.93, 6.74, 4.97], 1)
([7222.0, 6322.0, 7327.0, 8224.0, 9092.0, 6618.0, 5528.0, 6012.0, 6475.0, 6988.0, 20175.0, 25060.0, 28291.0, 30940.0, 33395.0, 9.58, 7.76, 8.76, 7.7, 7.91], 1)
([7295.0, 7991.0, 8871.0, 9718.0, 10551.0, 6575.0, 6989.0, 7378.0, 7759.0, 8165.0, 41453.0, 44710.0, 48928.0, 52869.0, 56600.0, 5.53, 6.3, 5.57, 5.17, 5.23], 1)
([7359.0, 8209.0, 9114.0, 9865.0, 10685.0, 6597.0, 6987.0, 7393.0, 7816.0, 8230.0, 16768.0, 18543.0, 20413.0, 21912.0, 23545.0, 5.82, 5.9, 5.8, 5.73, 5.3], 1)
([7406.0, 8154.0, 9178.0, 9896.0, 10727.0, 6745.0, 7139.0, 7553.0, 7954.0, 8353.0, 21661.0, 23782.0, 26689.0, 28698.0, 31029.0, 5.61, 5.85, 5.79, 5.31, 5.01], 1)
([7410.0, 8052.0, 9075.0, 10288.0, 11392.0, 7047.0, 7500.0, 7997.0, 8511.0, 8959.0, 17349.0, 18642.0, 20785.0, 23324.0, 25571.0, 6.67, 6.44, 6.63, 6.43, 5.26], 1)
([7457.0, 8398.0, 9295.0, 10217.0, 11219.0, 6675.0, 7106.0, 7488.0, 7830.0, 8244.0, 19698.0, 21831.0, 23784.0, 25775.0, 27893.0, 5.6, 6.47, 5.37, 4.57, 5.28], 1)
([7462.0, 8415.0, 9360.0, 10235.0, 11132.0, 6571.0, 6951.0, 7247.0, 7555.0, 7946.0, 40600.0, 44780.0, 48750.0, 52164.0, 55567.0, 6.11, 5.78, 4.27, 4.24, 5.17], 1)
([7477.0, 8108.0, 9158.0, 10063.0, 11061.0, 6688.0, 7041.0, 7440.0, 7832.0, 8235.0, 17882.0, 19158.0, 21392.0, 23245.0, 25280.0, 5.55, 5.28, 5.67, 5.27, 5.14], 1)
([7517.0, 8470.0, 9546.0, 10589.0, 12130.0, 6650.0, 7079.0, 7583.0, 7993.0, 8489.0, 21611.0, 23919.0, 26504.0, 28906.0, 32590.0, 6.37, 6.45, 7.13, 5.4, 6.21], 1)
([7523.0, 8487.0, 9555.0, 10566.0, 11579.0, 6754.0, 7142.0, 7594.0, 7992.0, 8381.0, 31291.0, 34954.0, 38984.0, 42708.0, 46409.0, 6.64, 5.75, 6.34, 5.24, 4.86], 1)
([7534.0, 8390.0, 9214.0, 10192.0, 11185.0, 6938.0, 7471.0, 7965.0, 8455.0, 8955.0, 43575.0, 48189.0, 52841.0, 58242.0, 63694.0, 6.83, 7.68, 6.62, 6.15, 5.9], 1)
([7578.0, 8638.0, 9830.0, 11289.0, 12793.0, 6722.0, 7227.0, 7731.0, 8286.0, 8860.0, 31997.0, 35336.0, 38990.0, 43443.0, 47778.0, 7.29, 7.53, 6.96, 7.19, 6.92], 1)
([7639.0, 8500.0, 9408.0, 10153.0, 11047.0, 6860.0, 7246.0, 7665.0, 8082.0, 8510.0, 21481.0, 23719.0, 26054.0, 27918.0, 30165.0, 6.43, 5.63, 5.79, 5.43, 5.3], 1)
([7660.0, 8547.0, 9598.0, 10774.0, 12063.0, 6722.0, 7180.0, 7683.0, 8241.0, 8842.0, 22660.0, 25023.0, 27823.0, 30957.0, 34364.0, 6.48, 6.81, 7.0, 7.27, 7.29], 1)
([7775.0, 8107.0, 8739.0, 9073.0, 8944.0, 7228.0, 7249.0, 7472.0, 7646.0, 7717.0, 103965.0, 105742.0, 111040.0, 112440.0, 108038.0, 1.33, 0.28, 3.08, 2.32, 0.93], 3)
([7840.0, 8823.0, 9931.0, 11053.0, 12045.0, 6861.0, 7274.0, 7704.0, 8210.0, 8701.0, 21551.0, 23242.0, 25115.0, 26852.0, 28148.0, 8.33, 6.02, 5.91, 6.57, 5.98], 1)
([7844.0, 8775.0, 9854.0, 11101.0, 12156.0, 6952.0, 7435.0, 7822.0, 8295.0, 8805.0, 12509.0, 13826.0, 15344.0, 17095.0, 18514.0, 7.2, 6.96, 5.2, 6.05, 6.15], 1)
([7888.0, 8664.0, 9352.0, 9293.0, 9434.0, 7148.0, 7722.0, 8178.0, 8384.0, 8596.0, 67367.0, 72706.0, 77084.0, 75280.0, 75148.0, 6.69, 8.04, 5.9, 2.52, 2.53], 1)
([8080.0, 9079.0, 10260.0, 11510.0, 12902.0, 7474.0, 8019.0, 8572.0, 9146.0, 9751.0, 41498.0, 46275.0, 51658.0, 57413.0, 63770.0, 7.26, 7.29, 6.9, 6.69, 6.61], 1)
([8089.0, 8434.0, 8695.0, 8196.0, 8483.0, 7678.0, 7761.0, 7721.0, 7260.0, 7162.0, 21375.0, 21837.0, 22016.0, 20338.0, 20626.0, 2.66, 1.08, -0.51, -5.98, -1.35], 1)
([8119.0, 8894.0, 9650.0, 10321.0, 10960.0, 7549.0, 7863.0, 8184.0, 8513.0, 8858.0, 21994.0, 23624.0, 25089.0, 26290.0, 27338.0, 3.91, 4.16, 4.08, 4.02, 4.05], 1)
([8232.0, 9293.0, 10785.0, 12304.0, 13564.0, 7538.0, 8002.0, 8483.0, 8992.0, 9525.0, 20466.0, 22985.0, 26528.0, 30105.0, 33017.0, 5.93, 6.16, 6.01, 6.0, 5.92], 1)
([8245.0, 8878.0, 9392.0, 10072.0, 10750.0, 7690.0, 8000.0, 8171.0, 8483.0, 8831.0, 20179.0, 21276.0, 22183.0, 23138.0, 24232.0, 3.95, 4.03, 2.15, 3.81, 4.1], 1)
([8250.0, 9040.0, 10202.0, 11130.0, 12328.0, 7470.0, 7976.0, 8446.0, 8910.0, 9372.0, 14914.0, 16133.0, 17987.0, 19394.0, 21242.0, 9.19, 6.76, 5.9, 5.5, 5.18], 1)
([8322.0, 9140.0, 10175.0, 11022.0, 11791.0, 7378.0, 7769.0, 8143.0, 8513.0, 8907.0, 28540.0, 30669.0, 33416.0, 35432.0, 37109.0, 5.35, 5.3, 4.81, 4.54, 4.62], 1)
([8326.0, 8987.0, 10131.0, 11447.0, 12668.0, 7827.0, 8239.0, 8708.0, 9265.0, 9796.0, 13351.0, 14173.0, 15717.0, 17479.0, 19046.0, 5.27, 5.26, 5.7, 6.39, 5.73], 1)
([8362.0, 9435.0, 10440.0, 11176.0, 12246.0, 7663.0, 8246.0, 8675.0, 8987.0, 9369.0, 32163.0, 35452.0, 38352.0, 40171.0, 43088.0, 8.49, 7.61, 5.2, 3.59, 4.26], 1)
([8371.0, 9137.0, 10060.0, 10985.0, 11887.0, 7650.0, 8084.0, 8491.0, 8954.0, 9443.0, 34490.0, 37460.0, 41066.0, 44633.0, 48083.0, 4.21, 5.67, 5.04, 5.45, 5.46], 1)
([8427.0, 9381.0, 10517.0, 11635.0, 12683.0, 7715.0, 8229.0, 8755.0, 9067.0, 9538.0, 43150.0, 47190.0, 52014.0, 56572.0, 60687.0, 6.45, 6.66, 6.39, 3.56, 5.19], 1)
([8478.0, 9416.0, 10492.0, 11591.0, 12767.0, 7705.0, 8158.0, 8582.0, 9020.0, 9489.0, 15530.0, 17186.0, 19095.0, 21036.0, 23115.0, 6.33, 5.87, 5.21, 5.1, 5.21], 1)
([8525.0, 9538.0, 10687.0, 11473.0, 12260.0, 7586.0, 7973.0, 8349.0, 8749.0, 9153.0, 46274.0, 50663.0, 55546.0, 58356.0, 61089.0, 5.49, 5.09, 4.72, 4.79, 4.61], 1)
([8529.0, 9530.0, 10564.0, 11578.0, 12627.0, 7675.0, 8153.0, 8641.0, 9123.0, 9607.0, 23840.0, 26352.0, 28911.0, 31378.0, 33893.0, 6.15, 6.23, 5.98, 5.58, 5.31], 1)
([8537.0, 9255.0, 9990.0, 10630.0, 11537.0, 7376.0, 7705.0, 7988.0, 8231.0, 8556.0, 25478.0, 27222.0, 28962.0, 30389.0, 32544.0, 5.26, 4.46, 3.67, 3.05, 3.95], 1)
([8567.0, 9942.0, 11231.0, 15224.0, 20901.0, 7557.0, 8277.0, 8713.0, 11650.0, 15974.0, 25430.0, 29011.0, 32228.0, 42957.0, 58055.0, 10.73, 9.53, 5.27, 33.71, 37.12], 1)
([8577.0, 9567.0, 10788.0, 12031.0, 13299.0, 7795.0, 8278.0, 8806.0, 9347.0, 9917.0, 26912.0, 29686.0, 33125.0, 36567.0, 40033.0, 6.53, 6.2, 6.39, 6.15, 6.1], 1)
([8650.0, 9626.0, 10703.0, 11714.0, 12795.0, 7846.0, 8349.0, 8854.0, 9357.0, 9855.0, 22513.0, 24501.0, 26650.0, 28550.0, 30553.0, 6.33, 6.4, 6.04, 5.69, 5.32], 1)
([8678.0, 9791.0, 10981.0, 12063.0, 13348.0, 8119.0, 8645.0, 9299.0, 9695.0, 10136.0, 34699.0, 38595.0, 42695.0, 46283.0, 50581.0, 8.35, 6.48, 7.56, 4.27, 4.55], 1)
([8729.0, 9411.0, 10205.0, 10812.0, 11400.0, 7895.0, 8329.0, 8594.0, 8841.0, 9130.0, 28294.0, 29999.0, 31980.0, 33340.0, 34621.0, 6.03, 5.49, 3.19, 2.87, 3.26], 1)
([8731.0, 9669.0, 10818.0, 11717.0, 12861.0, 7954.0, 8448.0, 8920.0, 9369.0, 9843.0, 21238.0, 23221.0, 25666.0, 27478.0, 29825.0, 5.87, 6.2, 5.59, 5.03, 5.07], 1)
([8738.0, 9893.0, 11367.0, 13142.0, 14792.0, 7709.0, 8270.0, 8940.0, 9677.0, 10404.0, 24387.0, 27381.0, 31220.0, 35831.0, 40022.0, 8.51, 7.27, 8.11, 8.24, 7.51], 1)
([8901.0, 9910.0, 11067.0, 12299.0, 13525.0, 7894.0, 8375.0, 8846.0, 9317.0, 9816.0, 10886.0, 11977.0, 13235.0, 14550.0, 15834.0, 6.25, 6.1, 5.62, 5.32, 5.35], 1)
([9124.0, 10153.0, 11634.0, 13219.0, 14805.0, 8476.0, 9150.0, 9890.0, 10680.0, 11541.0, 21587.0, 23510.0, 26377.0, 29361.0, 32234.0, 1.04, 7.95, 8.1, 7.99, 8.06], 1)
([9155.0, 10244.0, 11666.0, 13203.0, 14676.0, 8616.0, 9154.0, 9729.0, 10272.0, 10854.0, 10358.0, 11460.0, 12912.0, 14463.0, 15916.0, 13.72, 6.24, 6.28, 5.58, 5.67], 1)
([9169.0, 10307.0, 11783.0, 13106.0, 14486.0, 8239.0, 8815.0, 9423.0, 10113.0, 10700.0, 36236.0, 39454.0, 43700.0, 47121.0, 50524.0, 6.7, 6.99, 6.9, 7.32, 5.81], 1)
([9242.0, 10439.0, 11767.0, 13261.0, 14318.0, 8250.0, 8839.0, 9411.0, 10078.0, 10639.0, 21378.0, 23670.0, 26199.0, 28973.0, 30733.0, 7.01, 7.15, 6.47, 7.08, 5.57], 1)
([9321.0, 9579.0, 9321.0, 7635.0, 7729.0, 8980.0, 8878.0, 8222.0, 6550.0, 6462.0, 51965.0, 52276.0, 49724.0, 39889.0, 39599.0, 1.2, -1.14, -7.39, -20.34, -1.34], 1)
([9380.0, 10714.0, 12044.0, 13752.0, 15504.0, 8289.0, 9070.0, 9720.0, 10380.0, 11172.0, 13742.0, 15391.0, 16979.0, 19029.0, 21080.0, 8.15, 9.42, 7.17, 6.79, 7.63], 1)
([9518.0, 10287.0, 11457.0, 12476.0, 13387.0, 8671.0, 9070.0, 9531.0, 9951.0, 10418.0, 18054.0, 19181.0, 21007.0, 22502.0, 23775.0, 6.28, 4.6, 5.08, 4.4, 4.7], 1)
([9630.0, 10676.0, 11809.0, 12986.0, 14351.0, 8447.0, 9208.0, 9830.0, 10334.0, 10871.0, 30035.0, 32512.0, 35111.0, 37739.0, 40784.0, 9.65, 9.02, 6.74, 5.13, 5.2], 1)
([9969.0, 11008.0, 12297.0, 13635.0, 14916.0, 8959.0, 9497.0, 9999.0, 10502.0, 11027.0, 14624.0, 16098.0, 17905.0, 19783.0, 21577.0, 6.21, 6.0, 5.28, 5.03, 5.0], 1)
([10167.0, 11629.0, 13655.0, 15119.0, 16541.0, 8819.0, 9429.0, 10341.0, 11070.0, 11621.0, 26116.0, 29772.0, 34837.0, 38448.0, 41928.0, 6.5, 6.92, 9.67, 7.05, 4.98], 1)
([10182.0, 11294.0, 12532.0, 13901.0, 15227.0, 9136.0, 9654.0, 10170.0, 10705.0, 11269.0, 15218.0, 16809.0, 18594.0, 20562.0, 22459.0, 6.12, 5.67, 5.34, 5.26, 5.27], 1)
([10190.0, 11313.0, 12564.0, 13880.0, 15193.0, 9251.0, 9793.0, 10292.0, 10824.0, 11398.0, 16321.0, 18080.0, 20051.0, 22123.0, 24193.0, 5.79, 5.85, 5.1, 5.17, 5.31], 1)
([10323.0, 9951.0, 9436.0, 22236.0, 25891.0, 10837.0, 11219.0, 11072.0, 22926.0, 24563.0, 84280.0, 78952.0, 72738.0, 166698.0, 188884.0, -26.27, 3.53, -1.31, 107.07, 7.14], 3)
([10323.0, 11441.0, 12822.0, 13898.0, 14867.0, 9277.0, 9781.0, 10284.0, 10850.0, 11418.0, 17104.0, 18790.0, 20880.0, 22446.0, 23822.0, 5.32, 5.43, 5.15, 5.5, 5.23], 1)
([10429.0, 11967.0, 13462.0, 15603.0, 17892.0, 9045.0, 9612.0, 10067.0, 10930.0, 11970.0, 31795.0, 36067.0, 40114.0, 45985.0, 52179.0, 11.14, 6.28, 4.73, 8.58, 9.52], 1)
([10472.0, 11463.0, 12660.0, 13847.0, 14969.0, 9406.0, 9871.0, 10313.0, 10867.0, 11426.0, 14903.0, 16247.0, 17882.0, 19492.0, 21004.0, 4.59, 4.94, 4.48, 5.37, 5.15], 1)
([10545.0, 11530.0, 12557.0, 13799.0, 14982.0, 9696.0, 10177.0, 10640.0, 11152.0, 11697.0, 15226.0, 16467.0, 17742.0, 19291.0, 20737.0, 4.84, 4.97, 4.54, 4.82, 4.89], 1)
([10579.0, 6317.0, 6618.0, 7805.0, 8356.0, 6902.0, 5448.0, 5473.0, 5867.0, 6248.0, 31232.0, 56216.0, 57557.0, 66329.0, 69450.0, 6.75, 6.86, 0.46, 7.21, 6.48], 1)
([10579.0, 6900.0, 7553.0, 12818.0, 14666.0, 9606.0, 6204.0, 6209.0, 10420.0, 11793.0, 48826.0, 63379.0, 68041.0, 113303.0, 127307.0, 20.47, 21.29, 0.09, 67.82, 13.18], 1)
([10592.0, 11819.0, 13216.0, 14638.0, 16030.0, 9576.0, 10167.0, 10716.0, 11226.0, 11815.0, 20805.0, 22924.0, 25420.0, 27981.0, 30454.0, 5.9, 6.17, 5.4, 4.76, 5.25], 1)
([10604.0, 11787.0, 13411.0, 15188.0, 17236.0, 9926.0, 10788.0, 11848.0, 12904.0, 14066.0, 33834.0, 36323.0, 39928.0, 43708.0, 47960.0, 9.85, 8.68, 9.83, 8.92, 9.0], 1)
([10634.0, 11793.0, 13075.0, 14486.0, 15859.0, 9583.0, 10140.0, 10652.0, 11180.0, 11736.0, 14214.0, 15665.0, 17273.0, 19030.0, 20728.0, 6.09, 5.81, 5.05, 4.95, 4.97], 1)
([10639.0, 12273.0, 14153.0, 15836.0, 17521.0, 9274.0, 9849.0, 10444.0, 11084.0, 11693.0, 26717.0, 30614.0, 35072.0, 38997.0, 42880.0, 5.94, 6.2, 6.05, 6.13, 5.5], 1)
([10696.0, 12026.0, 13312.0, 14994.0, 16530.0, 9568.0, 10094.0, 10681.0, 11223.0, 11808.0, 13002.0, 14585.0, 16080.0, 18092.0, 19929.0, 6.63, 5.5, 5.82, 5.08, 5.21], 1)
([10707.0, 11548.0, 12869.0, 14494.0, 16044.0, 10174.0, 10735.0, 11250.0, 11917.0, 12535.0, 9457.0, 10101.0, 11154.0, 12452.0, 13669.0, 5.43, 5.51, 4.8, 5.94, 5.18], 1)
([10708.0, 11913.0, 13339.0, 14796.0, 16279.0, 9412.0, 9994.0, 10572.0, 11086.0, 11641.0, 16277.0, 18031.0, 20028.0, 22093.0, 24178.0, 5.43, 6.19, 5.79, 4.86, 5.0], 1)
([10899.0, 11750.0, 13001.0, 14151.0, 15365.0, 9936.0, 10334.0, 10828.0, 11354.0, 11950.0, 14246.0, 15271.0, 16811.0, 18209.0, 19679.0, 4.7, 4.0, 4.78, 4.85, 5.25], 1)
([10930.0, 11983.0, 12911.0, 14018.0, 15476.0, 9736.0, 10318.0, 10655.0, 11047.0, 11639.0, 25774.0, 27791.0, 29410.0, 31530.0, 34299.0, 6.03, 5.98, 3.26, 3.68, 5.35], 1)
([11048.0, 12154.0, 13394.0, 14916.0, 16420.0, 10038.0, 10554.0, 11105.0, 11688.0, 12306.0, 12819.0, 14068.0, 15470.0, 17196.0, 18899.0, 5.98, 5.14, 5.21, 5.25, 5.29], 1)
([11082.0, 12294.0, 13624.0, 15237.0, 16748.0, 10325.0, 10962.0, 11637.0, 12371.0, 13225.0, 17096.0, 18865.0, 20806.0, 23176.0, 25390.0, 5.8, 6.17, 6.16, 6.3, 6.91], 1)
([11223.0, 12521.0, 13918.0, 15114.0, 16521.0, 10039.0, 10657.0, 11288.0, 11909.0, 12553.0, 24135.0, 26698.0, 29425.0, 31693.0, 34367.0, 6.18, 6.15, 5.92, 5.51, 5.4], 1)
([11245.0, 12661.0, 13817.0, 15150.0, 16728.0, 10258.0, 10766.0, 11314.0, 11881.0, 12495.0, 30566.0, 33726.0, 36112.0, 38888.0, 42180.0, 5.09, 4.95, 5.09, 5.01, 5.17], 1)
([11321.0, 12533.0, 14008.0, 15505.0, 17136.0, 10126.0, 10742.0, 11424.0, 12014.0, 12730.0, 76904.0, 84043.0, 92690.0, 101326.0, 110850.0, 6.58, 6.08, 6.35, 5.16, 5.96], 3)
([11363.0, 12710.0, 14237.0, 15816.0, 17511.0, 10327.0, 10956.0, 11627.0, 12327.0, 13088.0, 34833.0, 37995.0, 41522.0, 45021.0, 48711.0, 6.94, 6.09, 6.12, 6.02, 6.17], 1)
([11374.0, 12395.0, 13229.0, 13826.0, 14483.0, 9479.0, 9937.0, 10319.0, 10539.0, 10831.0, 29922.0, 32226.0, 34005.0, 35161.0, 36441.0, 5.28, 4.83, 3.84, 2.14, 2.77], 1)
([11470.0, 12967.0, 15066.0, 17203.0, 18770.0, 10500.0, 11178.0, 11908.0, 12651.0, 13426.0, 26811.0, 30112.0, 34772.0, 39464.0, 42806.0, 6.12, 6.45, 6.53, 6.24, 6.12], 1)
([11516.0, 10942.0, 10368.0, 9794.0, 9220.0, 8646.0, 26144.2, 43642.4, 61140.6, 78638.8, 96137.0, 76911.184, 57685.368, 38459.552, 19233.736, 7.92, 7.92, 7.92, 7.92, 7.92], 1)
([11522.0, 13251.0, 15136.0, 17179.0, 18660.0, 10296.0, 11253.0, 12159.0, 13113.0, 13915.0, 32903.0, 37193.0, 41789.0, 46671.0, 49889.0, 8.81, 9.3, 8.06, 7.84, 6.12], 1)
([11534.0, 12751.0, 14343.0, 15848.0, 17241.0, 10473.0, 11043.0, 11630.0, 12266.0, 12930.0, 13051.0, 14329.0, 16007.0, 17573.0, 19001.0, 5.23, 5.44, 5.31, 5.47, 5.41], 1)
([11560.0, 13300.0, 14565.0, 16027.0, 17352.0, 10480.0, 11295.0, 11891.0, 12568.0, 13206.0, 59557.0, 67522.0, 72925.0, 79258.0, 84755.0, 7.11, 7.78, 5.28, 5.69, 5.08], 1)
([11574.0, 12568.0, 13502.0, 14487.0, 15802.0, 11080.0, 11597.0, 12119.0, 12725.0, 13528.0, 49352.0, 52497.0, 54115.0, 57877.0, 61991.0, 5.33, 4.67, 4.5, 5.01, 6.31], 1)
([11610.0, 13059.0, 14815.0, 16726.0, 18892.0, 10609.0, 11373.0, 12148.0, 12954.0, 13827.0, 32397.0, 35466.0, 38979.0, 42790.0, 46963.0, 7.52, 7.2, 6.81, 6.63, 6.74], 1)
([11688.0, 12886.0, 14408.0, 15909.0, 17201.0, 10488.0, 11105.0, 11694.0, 12328.0, 12935.0, 16174.0, 17663.0, 19563.0, 21409.0, 22943.0, 4.62, 5.88, 5.31, 5.42, 4.93], 1)
([11766.0, 13759.0, 15970.0, 18484.0, 20617.0, 10289.0, 11248.0, 12420.0, 13408.0, 14513.0, 37505.0, 43389.0, 49861.0, 57122.0, 63108.0, 8.26, 9.33, 10.41, 7.96, 8.24], 1)
([11783.0, 13566.0, 15384.0, 17049.0, 19105.0, 10867.0, 11644.0, 12578.0, 13238.0, 13956.0, 32149.0, 35959.0, 39617.0, 42712.0, 46559.0, 7.23, 7.15, 8.03, 5.25, 5.43], 1)
([11838.0, 13263.0, 14940.0, 16194.0, 17992.0, 10828.0, 11559.0, 12199.0, 12812.0, 13505.0, 28753.0, 31746.0, 35259.0, 37703.0, 41349.0, 5.29, 6.75, 5.54, 5.02, 5.42], 1)
([11840.0, 13101.0, 15127.0, 15151.0, 16046.0, 9910.0, 10330.0, 10789.0, 11096.0, 11453.0, 66674.0, 73256.0, 84089.0, 83662.0, 88092.0, 6.7, 4.24, 4.45, 2.85, 3.22], 1)
([11841.0, 13088.0, 14592.0, 16107.0, 17526.0, 10741.0, 11299.0, 11868.0, 12486.0, 13111.0, 16340.0, 17882.0, 19749.0, 21596.0, 23291.0, 4.27, 5.2, 5.03, 5.21, 5.0], 1)
([11951.0, 13459.0, 14999.0, 16993.0, 18574.0, 10963.0, 11649.0, 12385.0, 13176.0, 13978.0, 11531.0, 12907.0, 14297.0, 16101.0, 17491.0, 5.71, 6.25, 6.33, 6.38, 6.09], 1)
([12152.0, 11796.2, 11440.4, 11084.6, 10728.8, 10373.0, 23909.6, 37446.2, 50982.8, 64519.4, 78056.0, 62446.59, 46837.18, 31227.77, 15618.36, 8.95, 8.95, 8.95, 8.95, 8.95], 1)
([12190.0, 13978.0, 14628.0, 14697.0, 16242.0, 10911.0, 11624.0, 11633.0, 11874.0, 12607.0, 13491.0, 15301.0, 15799.0, 15689.0, 17140.0, 5.77, 6.53, 0.08, 2.08, 6.17], 1)
([12285.0, 13612.0, 15038.0, 16710.0, 18138.0, 11309.0, 11864.0, 12541.0, 13269.0, 14059.0, 41110.0, 45113.0, 49372.0, 54342.0, 58420.0, 5.92, 4.9, 5.71, 5.81, 5.95], 1)
([12286.0, 13544.0, 15102.0, 16368.0, 19964.0, 11117.0, 11713.0, 12227.0, 12883.0, 15913.0, 14622.0, 16041.0, 17801.0, 19209.0, 23334.0, 4.9, 5.36, 4.39, 5.36, 23.53], 1)
([12427.0, 14006.0, 15364.0, 17271.0, 19550.0, 11104.0, 11968.0, 12851.0, 13836.0, 14936.0, 31402.0, 34520.0, 36919.0, 40527.0, 44810.0, 7.01, 7.79, 7.37, 7.66, 7.95], 1)
([12474.0, 13637.0, 15391.0, 16841.0, 18758.0, 11334.0, 12066.0, 12765.0, 13457.0, 14146.0, 20969.0, 22769.0, 25536.0, 27787.0, 30786.0, 5.64, 6.46, 5.8, 5.42, 5.12], 1)
([12506.0, 13757.0, 15268.0, 16805.0, 18229.0, 11355.0, 12035.0, 12630.0, 13235.0, 13918.0, 14637.0, 15976.0, 17596.0, 19228.0, 20712.0, 4.81, 5.99, 4.95, 4.78, 5.16], 1)
([12564.0, 13996.0, 15004.0, 16074.0, 16950.0, 11596.0, 11965.0, 12408.0, 12784.0, 13156.0, 323539.0, 355475.0, 376108.0, 397734.0, 414222.0, 3.89, 3.18, 3.7, 3.03, 2.91], 2)
([12922.0, 13812.0, 14737.0, 14887.0, 15286.0, 11625.0, 12132.0, 12621.0, 12919.0, 13314.0, 56746.0, 59608.0, 62505.0, 62136.0, 62784.0, 5.33, 4.36, 4.03, 2.36, 3.06], 1)
([13106.0, 14696.0, 16665.0, 18900.0, 21144.0, 12041.0, 12823.0, 13628.0, 14495.0, 15418.0, 25178.0, 27763.0, 30929.0, 34653.0, 38110.0, 6.61, 6.49, 6.28, 6.36, 6.37], 1)
([13294.0, 14800.0, 16262.0, 17620.0, 19374.0, 11978.0, 12729.0, 13415.0, 14109.0, 14844.0, 39097.0, 43045.0, 46802.0, 50186.0, 54655.0, 6.36, 6.27, 5.39, 5.18, 5.21], 1)
([13422.0, 14262.0, 15457.0, 16052.0, 16569.0, 12159.0, 12621.0, 13094.0, 13477.0, 13897.0, 45494.0, 46580.0, 48944.0, 49374.0, 49561.0, 6.29, 3.8, 3.74, 2.93, 3.11], 1)
([13449.0, 14791.0, 16630.0, 18424.0, 19924.0, 12138.0, 12778.0, 13398.0, 14126.0, 14797.0, 15451.0, 16811.0, 18703.0, 20508.0, 21954.0, 5.79, 5.27, 4.85, 5.43, 4.75], 1)
([13605.0, 15368.0, 17909.0, 20054.0, 22217.0, 12509.0, 13361.0, 14269.0, 15174.0, 16130.0, 28274.0, 31619.0, 36510.0, 40501.0, 44471.0, 7.08, 6.82, 6.8, 6.34, 6.3], 1)
([13636.0, 15033.0, 16752.0, 18491.0, 20037.0, 12477.0, 13172.0, 13899.0, 14674.0, 15464.0, 10698.0, 11748.0, 13045.0, 14350.0, 15501.0, 5.32, 5.57, 5.52, 5.58, 5.38], 1)
([13933.0, 14844.0, 15967.0, 17549.0, 20021.0, 11914.0, 12476.0, 12821.0, 13529.0, 14608.0, 31155.0, 32571.0, 34394.0, 36869.0, 41271.0, 4.65, 4.72, 2.76, 5.53, 7.97], 1)
([13969.0, 15558.0, 16822.0, 17897.0, 18807.0, 12437.0, 13010.0, 13585.0, 14116.0, 14541.0, 195492.0, 214518.0, 228961.0, 240159.0, 249818.0, 7.83, 4.6, 4.42, 3.9, 3.01], 3)
([14088.0, 15625.0, 17244.0, 19122.0, 21103.0, 12767.0, 13456.0, 14143.0, 14875.0, 15662.0, 13692.0, 15117.0, 16617.0, 18356.0, 20187.0, 5.85, 5.4, 5.1, 5.18, 5.29], 1)
([14208.0, 15771.0, 17381.0, 19330.0, 20844.0, 12823.0, 13499.0, 14078.0, 14914.0, 15665.0, 13125.0, 14409.0, 15713.0, 17292.0, 18457.0, 4.46, 5.27, 4.29, 5.93, 5.04], 1)
([14220.0, 15425.0, 16994.0, 18218.0, 19446.0, 12964.0, 13640.0, 14277.0, 14755.0, 15380.0, 46932.0, 49962.0, 54036.0, 56894.0, 59681.0, 6.53, 5.22, 4.66, 3.35, 4.23], 1)
([14381.0, 15997.0, 17601.0, 19052.0, 21004.0, 13024.0, 13812.0, 14546.0, 15295.0, 16088.0, 48980.0, 53251.0, 57299.0, 60698.0, 65560.0, 6.33, 6.05, 5.31, 5.14, 5.19], 1)
([14511.0, 16139.0, 17683.0, 19325.0, 20925.0, 13407.0, 14139.0, 14851.0, 15589.0, 16378.0, 15525.0, 17041.0, 18430.0, 19892.0, 21275.0, 5.33, 5.46, 5.04, 4.97, 5.06], 1)
([14621.0, 16584.0, 18978.0, 21353.0, 24451.0, 12848.0, 13940.0, 15080.0, 15921.0, 17006.0, 26501.0, 29604.0, 33407.0, 37068.0, 41904.0, 7.67, 8.5, 8.18, 5.58, 6.81], 1)
([14807.0, 14620.0, 14433.0, 14246.0, 14059.0, 13872.0, 25153.6, 36435.2, 47716.8, 58998.4, 70280.0, 56226.016, 42172.032, 28118.048, 14064.064, 10.08, 10.08, 10.08, 10.08, 10.08], 1)
([14833.0, 16734.0, 19867.0, 23283.0, 26415.0, 12730.0, 13532.0, 14821.0, 16051.0, 17505.0, 20333.0, 22795.0, 26901.0, 31341.0, 35362.0, 8.21, 6.3, 9.53, 8.29, 9.06], 1)
([14991.0, 16745.0, 18457.0, 20152.0, 22114.0, 13559.0, 14346.0, 15080.0, 15842.0, 16656.0, 24935.0, 27729.0, 30439.0, 33108.0, 36198.0, 6.09, 5.8, 5.12, 5.05, 5.14], 1)
([15115.0, 16444.0, 18204.0, 20339.0, 22169.0, 13739.0, 14388.0, 15097.0, 15997.0, 16876.0, 12887.0, 13900.0, 15318.0, 17022.0, 18466.0, 5.81, 4.72, 4.93, 5.96, 5.49], 1)
([15126.0, 16742.0, 18595.0, 20675.0, 22528.0, 14006.0, 14888.0, 15756.0, 16671.0, 17621.0, 12240.0, 13416.0, 14766.0, 16282.0, 17608.0, 5.11, 6.3, 5.83, 5.8, 5.7], 1)
([15127.0, 16526.0, 18645.0, 20762.0, 22315.0, 13707.0, 14333.0, 15163.0, 16116.0, 16916.0, 12907.0, 14045.0, 15789.0, 17523.0, 18774.0, 4.88, 4.57, 5.79, 6.28, 4.97], 1)
([15136.0, 17575.0, 20559.0, 23132.0, 26033.0, 13772.0, 15198.0, 16747.0, 18167.0, 19481.0, 56419.0, 64483.0, 74573.0, 81598.0, 90147.0, 9.84, 10.35, 10.19, 8.48, 7.23], 1)
([15218.0, 16626.0, 18182.0, 20182.0, 21737.0, 13842.0, 14475.0, 15064.0, 15963.0, 16675.0, 11458.0, 12442.0, 13528.0, 14934.0, 16002.0, 5.08, 4.57, 4.07, 5.96, 4.46], 1)
([15266.0, 16663.0, 19028.0, 19211.0, 19057.0, 11963.0, 12717.0, 13748.0, 14632.0, 14869.0, 59472.0, 63353.0, 70629.0, 69708.0, 67621.0, 5.62, 6.3, 8.1, 6.43, 1.62], 1)
([15507.0, 17453.0, 19658.0, 21847.0, 23929.0, 14605.0, 15671.0, 16745.0, 17799.0, 18906.0, 25576.0, 28204.0, 31148.0, 33966.0, 36533.0, 7.42, 7.3, 6.86, 6.29, 6.22], 1)
([15636.0, 17525.0, 19134.0, 20794.0, 22861.0, 13778.0, 14629.0, 15381.0, 16236.0, 17190.0, 20140.0, 22231.0, 23917.0, 25625.0, 27792.0, 6.15, 6.18, 5.14, 5.56, 5.88], 1)
([15674.0, 17349.0, 18779.0, 17777.0, 18660.0, 14054.0, 14696.0, 15549.0, 15831.0, 16258.0, 74997.0, 82380.0, 88546.0, 83198.0, 86662.0, 2.78, 4.57, 5.81, 1.81, 2.7], 3)
([15691.0, 17543.0, 19193.0, 21251.0, 23130.0, 14307.0, 15013.0, 15751.0, 16591.0, 17570.0, 13472.0, 14988.0, 16317.0, 17977.0, 19469.0, 6.06, 4.93, 4.91, 5.33, 5.9], 1)
([15806.0, 5029.0, 5776.0, 5933.0, 6087.0, 5138.5, 4190.0, 4606.0, 4760.0, 4926.0, 16604.0, 28282.0, 32043.0, 32451.0, 32847.0, 6.7, 4.5, 9.92, 3.34, 3.48], 1)
([15806.0, 11973.0, 13376.0, 14101.0, 15047.0, 13350.0, 9789.0, 10510.0, 11050.0, 11647.0, 29087.0, 32038.0, 35295.0, 36690.0, 38657.0, 1.37, 4.71, 7.37, 5.13, 5.41], 1)
([15926.0, 2512.0, 2849.0, 3143.0, 3503.0, 2879.5, 2256.0, 2456.0, 2608.0, 2801.0, 8854.0, 14907.0, 16406.0, 17653.0, 19245.0, 7.2, 8.9, 8.85, 6.19, 7.4], 1)
([15926.0, 14581.0, 15291.0, 17172.0, 18368.0, 14722.0, 13522.0, 13587.0, 14627.0, 15174.0, 47454.0, 82567.0, 83963.0, 92010.0, 96285.0, 16.43, 7.17, 0.48, 7.65, 3.74], 1)
([16024.0, 17641.0, 19668.0, 21572.0, 23281.0, 14605.0, 15303.0, 16108.0, 16977.0, 17863.0, 17070.0, 18719.0, 20798.0, 22731.0, 24456.0, 5.94, 4.78, 5.26, 5.4, 5.22], 1)
([16049.0, 18145.0, 19986.0, 21733.0, 23326.0, 14231.0, 15136.0, 15903.0, 16667.0, 17450.0, 21304.0, 23723.0, 25746.0, 27597.0, 29213.0, 6.56, 6.36, 5.07, 4.81, 4.7], 1)
([16177.0, 17930.0, 20420.0, 23037.0, 25326.0, 14589.0, 15601.0, 16554.0, 17512.0, 18612.0, 24988.0, 27301.0, 30651.0, 34107.0, 37017.0, 6.18, 6.93, 6.11, 5.79, 6.28], 1)
([16381.0, 18023.0, 20067.0, 22072.0, 23904.0, 14825.0, 15624.0, 16375.0, 17200.0, 18063.0, 14425.0, 15627.0, 17140.0, 18574.0, 19824.0, 5.86, 5.39, 4.81, 5.04, 5.02], 1)
([16500.0, 18385.0, 20569.0, 22647.0, 24547.0, 15212.0, 16072.0, 16955.0, 17876.0, 18880.0, 29322.0, 32199.0, 35524.0, 38608.0, 41324.0, 6.24, 5.65, 5.49, 5.43, 5.62], 1)
([16773.0, 18675.0, 20395.0, 22462.0, 24521.0, 15214.0, 16027.0, 16839.0, 17780.0, 18951.0, 14600.0, 16162.0, 17550.0, 19220.0, 20862.0, 5.35, 5.34, 5.07, 5.59, 6.59], 1)
([16927.0, 19144.0, 22355.0, 25497.0, 28069.0, 15480.0, 16587.0, 17742.0, 18828.0, 19960.0, 26686.0, 29993.0, 34805.0, 39456.0, 43177.0, 6.78, 7.15, 6.96, 6.12, 6.01], 1)
([16987.0, 18806.0, 21117.0, 23551.0, 25930.0, 15370.0, 16266.0, 17148.0, 18161.0, 19119.0, 17966.0, 19758.0, 22045.0, 24438.0, 26750.0, 5.33, 5.83, 5.42, 5.91, 5.27], 1)
([17738.0, 19603.0, 21923.0, 24132.0, 26223.0, 16071.0, 17021.0, 17936.0, 18838.0, 19856.0, 14666.0, 16046.0, 17770.0, 19375.0, 20860.0, 4.88, 5.91, 5.38, 5.03, 5.4], 1)
([17744.0, 19877.0, 22498.0, 25557.0, 28355.0, 16255.0, 17420.0, 18585.0, 19773.0, 21194.0, 42485.0, 47281.0, 53154.0, 60045.0, 66264.0, 7.11, 7.16, 6.69, 6.39, 7.19], 1)
([17783.0, 19637.0, 21983.0, 24417.0, 26638.0, 16053.0, 16950.0, 17852.0, 18677.0, 19555.0, 17471.0, 19180.0, 21418.0, 23701.0, 25770.0, 6.0, 5.58, 5.32, 4.62, 4.7], 1)
([18004.0, 20118.0, 22176.0, 24083.0, 26505.0, 16290.0, 17263.0, 18165.0, 19081.0, 20046.0, 41325.0, 45235.0, 48886.0, 52106.0, 56333.0, 6.09, 5.98, 5.22, 5.04, 5.06], 1)
([18037.0, 19538.0, 21709.0, 19199.0, 19986.0, 16174.0, 16204.0, 17369.0, 16907.0, 17019.0, 19436.0, 20841.0, 22952.0, 20118.0, 20759.0, -1.42, 0.19, 7.19, -2.66, 0.66], 1)
([18140.0, 20261.0, 22345.0, 24834.0, 27012.0, 16401.0, 17195.0, 18005.0, 18950.0, 20030.0, 16227.0, 18007.0, 19748.0, 21837.0, 23651.0, 6.56, 4.84, 4.71, 5.25, 5.7], 1)
([18762.0, 20767.0, 23109.0, 25591.0, 27728.0, 16912.0, 18050.0, 18959.0, 19993.0, 21266.0, 13312.0, 14677.0, 16272.0, 17960.0, 19398.0, 5.23, 6.73, 5.03, 5.45, 6.37], 1)
([18797.0, 20831.0, 23158.0, 25689.0, 28046.0, 16937.0, 17809.0, 18682.0, 19571.0, 20504.0, 16837.0, 18546.0, 20445.0, 22524.0, 24430.0, 6.44, 5.15, 4.9, 4.76, 4.77], 1)
([18956.0, 21232.0, 23628.0, 25431.0, 27945.0, 18910.0, 19606.0, 20132.0, 20516.0, 21468.0, 70727.0, 77463.0, 84355.0, 88928.0, 95734.0, 3.66, 3.68, 2.69, 1.91, 4.64], 3)
([19030.0, 21273.0, 23238.0, 25675.0, 28018.0, 17192.0, 17991.0, 18850.0, 19662.0, 20825.0, 11126.0, 12367.0, 13444.0, 14790.0, 16081.0, 4.02, 4.65, 4.77, 4.31, 5.91], 1)
([19386.0, 22350.0, 25070.0, 27920.0, 30480.0, 17365.0, 18725.0, 19761.0, 20747.0, 21806.0, 33565.0, 38063.0, 41916.0, 45950.0, 49364.0, 7.77, 7.83, 5.54, 4.99, 5.1], 1)
([19610.0, 21233.0, 23461.0, 25397.0, 27499.0, 17916.0, 18675.0, 19458.0, 20265.0, 21127.0, 50644.0, 54184.0, 59174.0, 63366.0, 67900.0, 5.72, 4.23, 4.2, 4.14, 4.26], 1)
([19746.0, 20081.0, 19941.0, 16332.0, 16731.0, 18152.0, 17837.0, 17196.0, 15213.0, 15348.0, 35531.0, 35518.0, 34803.0, 27972.0, 28191.0, 1.59, -1.74, -3.59, -11.53, 0.89], 1)
([19848.0, 22065.0, 24329.0, 26480.0, 29190.0, 17872.0, 18893.0, 20003.0, 21117.0, 22308.0, 28953.0, 31852.0, 34769.0, 37491.0, 40957.0, 5.51, 5.71, 5.88, 5.57, 5.64], 1)
([19869.0, 21755.0, 24141.0, 26776.0, 29336.0, 18054.0, 18967.0, 19920.0, 20925.0, 21991.0, 17576.0, 19139.0, 21161.0, 23377.0, 25516.0, 5.62, 5.06, 5.02, 5.05, 5.09], 1)
([19888.0, 21871.0, 24569.0, 27309.0, 29617.0, 17902.0, 19102.0, 20170.0, 21391.0, 22615.0, 22910.0, 25081.0, 28059.0, 31067.0, 33576.0, 6.12, 6.7, 5.59, 6.05, 5.72], 1)
([19953.0, 21477.0, 24022.0, 25195.0, 27521.0, 18333.0, 19337.0, 20331.0, 19896.0, 20669.0, 65931.0, 70021.0, 77335.0, 80168.0, 86560.0, 5.93, 5.47, 5.14, 2.14, 3.88], 3)
([19967.0, 21645.0, 25355.0, 27160.0, 29449.0, 18069.0, 19151.0, 20396.0, 20801.0, 21829.0, 38176.0, 39681.0, 44595.0, 45856.0, 47771.0, 6.12, 5.99, 6.5, 1.98, 4.94], 1)
([20080.0, 25360.0, 28311.0, 27156.0, 28969.0, 17665.0, 20218.0, 21477.0, 21751.0, 22312.0, 19007.0, 23897.0, 26529.0, 25329.0, 26903.0, 9.96, 14.45, 6.23, 1.27, 2.58], 1)
([20249.0, 22049.0, 24407.0, 26712.0, 29095.0, 18342.0, 19402.0, 20449.0, 21612.0, 22837.0, 24055.0, 25958.0, 28485.0, 30909.0, 33388.0, 5.9, 5.78, 5.4, 5.69, 5.67], 1)
([20270.0, 22219.0, 24635.0, 26904.0, 29322.0, 18219.0, 19257.0, 20262.0, 21286.0, 22429.0, 24366.0, 26445.0, 29040.0, 31423.0, 33937.0, 5.9, 5.69, 5.22, 5.05, 5.37], 1)
([20537.0, 22538.0, 24664.0, 26793.0, 28916.0, 19189.0, 20240.0, 21308.0, 22393.0, 23538.0, 51653.0, 55970.0, 60501.0, 64920.0, 69219.0, 5.4, 5.47, 5.28, 5.09, 5.11], 1)
([20562.0, 23012.0, 25705.0, 28746.0, 31709.0, 18563.0, 19849.0, 21100.0, 22317.0, 23624.0, 17358.0, 19397.0, 21653.0, 24201.0, 26686.0, 6.92, 6.93, 6.3, 5.77, 5.86], 1)
([20646.0, 22631.0, 23027.0, 23984.0, 24647.0, 20044.0, 21271.0, 21788.0, 22408.0, 23018.0, 373377.0, 399867.0, 397558.0, 405171.0, 408065.0, 2.73, 6.12, 2.43, 2.85, 2.72], 2)
([20933.0, 23233.0, 25338.0, 27147.0, 30191.0, 19118.0, 20122.0, 21194.0, 22304.0, 23508.0, 25151.0, 27714.0, 30021.0, 31961.0, 35332.0, 6.06, 5.25, 5.33, 5.24, 5.4], 1)
([21019.0, 23255.0, 25781.0, 28415.0, 31127.0, 18999.0, 20164.0, 21265.0, 22327.0, 23446.0, 20920.0, 23038.0, 25375.0, 27826.0, 30335.0, 6.47, 6.13, 5.46, 4.99, 5.02], 1)
([21348.0, 23345.0, 26271.0, 28989.0, 31559.0, 19102.0, 20241.0, 21425.0, 22559.0, 23718.0, 18666.0, 20318.0, 22765.0, 25016.0, 27131.0, 5.71, 5.96, 5.84, 5.3, 5.14], 1)
([21581.0, 23830.0, 26339.0, 29148.0, 31984.0, 19515.0, 20672.0, 21793.0, 22960.0, 24199.0, 17683.0, 19360.0, 21336.0, 23488.0, 25642.0, 6.15, 5.93, 5.42, 5.36, 5.4], 1)
([22590.0, 25103.0, 27755.0, 30498.0, 33206.0, 20538.0, 21733.0, 22890.0, 24008.0, 25212.0, 14843.0, 16402.0, 18035.0, 19715.0, 21363.0, 6.11, 5.82, 5.32, 4.88, 5.02], 1)
([22895.0, 25424.0, 27875.0, 30742.0, 33949.0, 20859.0, 22029.0, 23157.0, 24322.0, 25534.0, 23168.0, 25499.0, 27710.0, 30336.0, 33244.0, 6.45, 5.61, 5.12, 5.03, 4.98], 1)
([22944.0, 25250.0, 28269.0, 31413.0, 34904.0, 20782.0, 22114.0, 23397.0, 24655.0, 25943.0, 24425.0, 26556.0, 29389.0, 32298.0, 35511.0, 5.96, 6.41, 5.8, 5.38, 5.22], 1)
([23027.0, 1573.0, 1778.0, 1948.0, 2106.0, 1732.5, 1359.0, 1427.0, 1474.0, 1524.0, 31400.5, 61277.0, 68682.0, 75020.0, 80724.0, 5.49, 0.04, 4.94, 3.32, 3.38], 1)
([23027.0, 21956.0, 21443.0, 21316.0, 21989.0, 19396.0, 18559.0, 18907.0, 18640.0, 18506.0, 136558.0, 152454.0, 147991.0, 146164.0, 150296.0, 18.32, 2.69, 1.88, -1.41, -0.72], 3)
([23053.0, 24733.0, 26815.0, 29308.0, 31488.0, 20589.0, 21431.0, 22506.0, 23697.0, 24977.0, 15569.0, 16523.0, 17722.0, 19163.0, 20367.0, 0.6, 4.09, 5.02, 5.29, 5.4], 1)
([23112.0, 25275.0, 28194.0, 30908.0, 33776.0, 21076.0, 22386.0, 23537.0, 24772.0, 26159.0, 25155.0, 27271.0, 30166.0, 32801.0, 35566.0, 5.21, 6.22, 5.14, 5.25, 5.6], 1)
([23255.0, 26082.0, 29147.0, 32365.0, 35401.0, 21204.0, 22485.0, 23835.0, 25299.0, 27002.0, 23370.0, 25747.0, 28278.0, 30885.0, 33250.0, 6.31, 6.04, 6.01, 6.14, 6.73], 1)
([23360.0, 25931.0, 28505.0, 31224.0, 33647.0, 21072.0, 22330.0, 23365.0, 24752.0, 26040.0, 19306.0, 21291.0, 23258.0, 25326.0, 27135.0, 5.93, 5.97, 4.64, 5.94, 5.2], 1)
([23705.0, 26769.0, 29536.0, 30647.0, 32781.0, 21455.0, 23378.0, 24049.0, 25151.0, 26207.0, 24249.0, 27087.0, 29574.0, 30380.0, 32188.0, 4.24, 8.96, 2.87, 4.58, 4.2], 1)
([23783.0, 26514.0, 28925.0, 32364.0, 35385.0, 21817.0, 22883.0, 24042.0, 25357.0, 26976.0, 10743.0, 11915.0, 12940.0, 14423.0, 15720.0, 5.6, 4.89, 5.06, 5.47, 6.39], 1)
([24006.0, 26889.0, 29238.0, 29469.0, 31443.0, 21823.0, 23074.0, 24552.0, 25446.0, 26245.0, 82011.0, 89995.0, 95894.0, 94780.0, 99250.0, 4.95, 5.73, 6.41, 3.64, 3.14], 3)
([24144.0, 27383.0, 30680.0, 34010.0, 37084.0, 21652.0, 22937.0, 24265.0, 25486.0, 26923.0, 15404.0, 17235.0, 19062.0, 20872.0, 22497.0, 6.04, 5.94, 5.79, 5.03, 5.64], 1)
([24668.0, 27438.0, 30900.0, 34447.0, 37341.0, 22482.0, 23812.0, 25074.0, 26573.0, 27867.0, 14048.0, 15546.0, 17424.0, 19337.0, 20874.0, 4.58, 5.91, 5.3, 5.98, 4.87], 1)
([24907.0, 28044.0, 29367.0, 30070.0, 30789.0, 20467.0, 22591.0, 24450.0, 25923.0, 25482.0, 130012.0, 142077.0, 144506.0, 143949.0, 143319.0, 15.47, 10.38, 8.23, 6.03, -1.7], 3)
([25732.0, 28295.0, 30912.0, 33827.0, 36991.0, 23957.0, 25367.0, 26713.0, 28098.0, 29574.0, 22793.0, 24783.0, 26775.0, 28974.0, 31336.0, 5.79, 5.89, 5.3, 5.18, 5.25], 1)
([25819.0, 29389.0, 34210.0, 38473.0, 42740.0, 23397.0, 25026.0, 26779.0, 28442.0, 30291.0, 31148.0, 34731.0, 39613.0, 43692.0, 47633.0, 7.51, 6.96, 7.0, 6.21, 6.5], 1)
([26298.0, 29411.0, 32579.0, 35753.0, 38883.0, 23858.0, 25042.0, 26313.0, 27596.0, 29148.0, 12664.0, 14051.0, 15443.0, 16815.0, 18144.0, 5.46, 4.96, 5.07, 4.88, 5.62], 1)
([26425.0, 29081.0, 32062.0, 34982.0, 37793.0, 24124.0, 25632.0, 26984.0, 28453.0, 29966.0, 52286.0, 57269.0, 62855.0, 68295.0, 73503.0, 5.58, 6.25, 5.28, 5.44, 5.32], 3)
([27025.0, 29789.0, 33161.0, 36429.0, 40100.0, 24307.0, 25758.0, 27264.0, 28770.0, 30286.0, 28136.0, 30581.0, 33577.0, 36397.0, 39539.0, 6.03, 5.97, 5.85, 5.52, 5.27], 1)
([27201.0, 31790.0, 37273.0, 41384.0, 46148.0, 24028.0, 25667.0, 27458.0, 29180.0, 31161.0, 47305.0, 53972.0, 61844.0, 67136.0, 73249.0, 7.64, 6.82, 6.98, 6.27, 6.79], 3)
([27471.0, 29872.0, 33762.0, 34583.0, 37031.0, 23708.0, 25180.0, 26572.0, 25791.0, 26741.0, 71575.0, 76136.0, 84217.0, 84466.0, 88647.0, 8.39, 6.21, 5.53, 2.94, 3.68], 3)
([27754.0, 30871.0, 35326.0, 39429.0, 44742.0, 25404.0, 27124.0, 29036.0, 30874.0, 32859.0, 30063.0, 32771.0, 36771.0, 40263.0, 44844.0, 6.65, 6.77, 7.05, 6.33, 6.43], 1)
([28487.0, 31369.0, 34923.0, 38799.0, 42017.0, 25982.0, 27793.0, 29368.0, 31165.0, 33051.0, 17917.0, 19538.0, 21547.0, 23717.0, 25455.0, 5.88, 6.97, 5.67, 6.12, 6.05], 1)
([29014.0, 31019.0, 35401.0, 38176.0, 41166.0, 25921.0, 27361.0, 29058.0, 29774.0, 30655.0, 85367.0, 86594.0, 93847.0, 96165.0, 98601.0, 3.02, 5.55, 6.2, 2.46, 2.96], 3)
([30364.0, 33688.0, 37085.0, 40683.0, 44449.0, 27815.0, 29138.0, 30542.0, 31919.0, 33787.0, 12258.0, 13462.0, 14680.0, 15962.0, 17299.0, 4.07, 4.76, 4.82, 4.51, 5.85], 1)
([32779.0, 36629.0, 41266.0, 44920.0, 49296.0, 29116.0, 31054.0, 33062.0, 35175.0, 37358.0, 37965.0, 41782.0, 46389.0, 49778.0, 53878.0, 6.16, 6.66, 6.46, 6.39, 6.21], 3)
([33284.0, 38627.0, 43806.0, 48573.0, 53388.0, 30703.0, 32806.0, 35193.0, 37529.0, 40263.0, 17592.0, 19686.0, 21542.0, 23063.0, 24492.0, 8.06, 6.85, 7.28, 6.64, 7.28], 1)
([33945.0, 38470.0, 42506.0, 46939.0, 51133.0, 31768.0, 33517.0, 35521.0, 37265.0, 39338.0, 14184.0, 15973.0, 17549.0, 19283.0, 20917.0, 6.38, 5.51, 5.98, 4.91, 5.56], 1)
([35093.0, 36916.0, 39251.0, 38249.0, 37191.0, 31160.0, 33281.0, 34783.0, 34440.0, 32792.0, 143760.0, 147670.0, 153219.0, 145823.0, 138639.0, 6.05, 6.81, 4.51, -0.99, -4.79], 3)
([35180.0, 39008.0, 43802.0, 48138.0, 52311.0, 31816.0, 33679.0, 35520.0, 37256.0, 39082.0, 31007.0, 34173.0, 38185.0, 41753.0, 45159.0, 6.29, 5.85, 5.47, 4.89, 4.9], 1)
([35592.0, 40609.0, 45497.0, 50156.0, 54670.0, 31934.0, 34216.0, 36177.0, 37902.0, 40126.0, 40200.0, 45222.0, 49996.0, 54422.0, 58614.0, 6.83, 7.15, 5.73, 4.77, 5.87], 3)
([35599.0, 4510.0, 4748.0, 5095.0, 5472.0, 4525.0, 3578.0, 3577.0, 3736.0, 3931.0, 14911.0, 25891.0, 26834.0, 28378.0, 30030.0, 1.5, 2.9, 0.01, 4.44, 5.2], 1)
([35599.0, 35263.0, 37446.0, 40968.0, 42627.0, 29727.0, 28159.0, 29042.0, 31255.0, 32892.0, 47881.0, 60632.0, 63363.0, 68234.0, 69926.0, 8.16, 6.76, 3.14, 7.62, 5.24], 3)
([36097.0, 39581.0, 44357.0, 48878.0, 55173.0, 32702.0, 34816.0, 36794.0, 38774.0, 40951.0, 30038.0, 32584.0, 36145.0, 39447.0, 44121.0, 5.95, 6.46, 5.68, 5.38, 5.61], 1)
([37695.0, 41438.0, 47822.0, 51797.0, 57383.0, 32444.0, 34770.0, 37161.0, 37920.0, 39755.0, 55727.0, 60446.0, 68846.0, 73603.0, 80478.0, 7.91, 7.17, 6.88, 2.04, 4.84], 3)
([38747.0, 42820.0, 46563.0, 51824.0, 57172.0, 35356.0, 37548.0, 39725.0, 41952.0, 44304.0, 46430.0, 50927.0, 55041.0, 60877.0, 66757.0, 6.26, 6.2, 5.8, 5.61, 5.61], 3)
([39071.0, 44347.0, 50074.0, 56019.0, 60722.0, 36092.0, 39252.0, 42411.0, 45465.0, 48637.0, 28020.0, 30724.0, 33539.0, 36300.0, 38098.0, 8.66, 8.75, 8.05, 7.2, 6.98], 3)
([41243.0, 44824.0, 48274.0, 50802.0, 52266.0, 35712.0, 37472.0, 39506.0, 39523.0, 39614.0, 53919.0, 57392.0, 60569.0, 62519.0, 63101.0, 0.5, 4.93, 5.43, 0.04, 0.23], 3)
([41327.0, 45056.0, 50602.0, 56377.0, 62470.0, 37262.0, 39519.0, 41972.0, 44223.0, 46527.0, 17456.0, 18920.0, 21132.0, 23421.0, 25825.0, 5.83, 6.06, 6.21, 5.36, 5.21], 1)
([42040.0, 45972.0, 51321.0, 56684.0, 61266.0, 37850.0, 40137.0, 42301.0, 44425.0, 46647.0, 29241.0, 31685.0, 35077.0, 38448.0, 41271.0, 5.42, 6.04, 5.39, 5.02, 5.0], 3)
([42108.0, 47365.0, 53371.0, 60179.0, 66341.0, 37236.0, 39734.0, 42006.0, 44530.0, 46925.0, 26743.0, 29929.0, 33607.0, 37752.0, 41468.0, 7.24, 6.71, 5.72, 6.01, 5.38], 3)
([43397.0, 47756.0, 53204.0, 58824.0, 64629.0, 39047.0, 41608.0, 44292.0, 46792.0, 49322.0, 41335.0, 45146.0, 49700.0, 54447.0, 59289.0, 7.26, 6.56, 6.45, 5.65, 5.41], 3)
([43686.0, 48129.0, 50534.0, 48606.0, 55582.0, 38136.0, 39039.0, 39935.0, 46893.0, 57187.0, 35718.0, 39203.0, 41005.0, 39306.0, 44811.0, 3.77, 2.37, 2.29, 17.42, 21.95], 3)
([44524.0, 47641.0, 52183.0, 53400.0, 55409.0, 35291.0, 36683.0, 38398.0, 39279.0, 40226.0, 76408.0, 80417.0, 86678.0, 87325.0, 89263.0, 7.25, 3.95, 4.67, 2.29, 2.41], 3)
([49824.0, 52254.0, 50328.0, 54323.0, 69273.0, 49348.0, 54028.0, 53731.0, 57215.0, 64562.0, 260035.0, 266057.0, 252510.0, 269355.0, 336947.0, 5.82, 9.48, 0.55, 6.48, 12.84], 2)
([51699.0, 57715.0, 64109.0, 70786.0, 76814.0, 46907.0, 49741.0, 52534.0, 55458.0, 58827.0, 20691.0, 22454.0, 24261.0, 26074.0, 27559.0, 6.74, 6.04, 5.61, 5.57, 6.08], 3)
([52696.0, 61062.0, 69674.0, 76735.0, 85152.0, 47514.0, 51896.0, 55791.0, 58714.0, 61840.0, 27816.0, 31472.0, 35107.0, 37813.0, 41086.0, 4.99, 9.22, 7.5, 5.24, 5.32], 3)
([52797.0, 58675.0, 65931.0, 73842.0, 81789.0, 47076.0, 49572.0, 52550.0, 55318.0, 58247.0, 21196.0, 23389.0, 26090.0, 29022.0, 31940.0, 6.77, 5.3, 6.01, 5.27, 5.3], 3)
([53584.0, 61516.0, 68817.0, 66285.0, 69675.0, 41669.0, 44298.0, 45816.0, 46314.0, 47609.0, 73052.0, 81653.0, 89006.0, 83587.0, 85732.0, 5.82, 6.31, 3.43, 1.09, 2.8], 3)
([54512.0, 3519.0, 3796.0, 3998.0, 4222.0, 3636.0, 3050.0, 3209.0, 3235.0, 3263.0, 94313.0, 185363.0, 186344.0, 182631.0, 179692.0, 5.56, 5.57, 5.2, 0.81, 0.85], 3)
([54512.0, 6106.0, 6591.0, 6925.0, 7250.0, 6470.5, 5691.0, 6217.0, 6446.0, 6556.0, 45973.5, 85391.0, 88504.0, 89366.0, 89925.0, 5.07, 11.55, 9.25, 3.67, 1.71], 1)
([54512.0, 12029.0, 12854.0, 13043.0, 13687.0, 11398.5, 9110.0, 9501.0, 9697.0, 9930.0, 53869.5, 97809.0, 101940.0, 100812.0, 103273.0, 6.53, 5.36, 4.29, 2.07, 2.4], 3)
([54512.0, 13489.0, 15503.0, 15638.0, 16680.0, 13932.0, 11184.0, 12300.0, 12637.0, 13003.0, 47952.0, 82901.0, 91170.0, 88048.0, 89918.0, 4.96, 7.81, 9.98, 2.74, 2.9], 3)
([54512.0, 16838.0, 19573.0, 21740.0, 24122.0, 19529.0, 14936.0, 16012.0, 16791.0, 17764.0, 47361.5, 76959.0, 86136.0, 92287.0, 98785.0, 6.13, 7.67, 7.2, 4.86, 4.86], 3)
([54512.0, 56278.0, 59055.0, 58503.0, 53936.0, 45624.0, 43012.0, 41622.0, 43435.0, 42787.0, 358419.0, 361035.0, 369988.0, 358196.0, 323224.0, -9.18, -5.72, -3.23, 4.35, -1.49], 2)
([55414.0, 61747.0, 69749.0, 77259.0, 82419.0, 51300.0, 54733.0, 57262.0, 59997.0, 63029.0, 141651.0, 155025.0, 172092.0, 187474.0, 196843.0, 7.7, 6.69, 4.62, 4.78, 5.05], 3)
([55692.0, 60492.0, 73841.0, 83662.0, 92382.0, 48352.0, 51053.0, 54575.0, 57615.0, 61049.0, 58112.0, 61434.0, 73004.0, 80590.0, 86779.0, 7.82, 5.59, 6.9, 5.57, 5.96], 3)
([58696.0, 64293.0, 71623.0, 74273.0, 79650.0, 63615.0, 65907.0, 68964.0, 69859.0, 73185.0, 100632.0, 108178.0, 118366.0, 120657.0, 127243.0, 5.57, 3.6, 4.64, 1.3, 4.76], 3)
([58954.0, 65200.0, 74546.0, 70693.0, 73460.0, 41418.0, 42405.0, 44446.0, 44677.0, 45705.0, 99516.0, 106924.0, 118848.0, 109656.0, 110926.0, 3.65, 2.38, 4.81, 0.52, 2.3], 3)
([59377.0, 63313.0, 67625.0, 65392.0, 66468.0, 51389.0, 52859.0, 55464.0, 56663.0, 56706.0, 35696.0, 37851.0, 40205.0, 38662.0, 39080.0, 3.18, 2.86, 4.93, 2.16, 0.08], 3)
([60046.0, 67857.0, 76374.0, 85803.0, 94166.0, 54468.0, 57691.0, 61100.0, 64702.0, 68798.0, 17979.0, 19926.0, 22007.0, 24279.0, 26182.0, 6.28, 5.92, 5.91, 5.89, 6.33], 3)
([63448.0, 70324.0, 78810.0, 84617.0, 90151.0, 57441.0, 59945.0, 62601.0, 65041.0, 66688.0, 79270.0, 86724.0, 95980.0, 101789.0, 107131.0, 4.11, 4.36, 4.43, 3.9, 2.53], 3)
([72303.0, 79859.0, 87704.0, 97444.0, 106932.0, 63185.0, 65409.0, 69233.0, 72946.0, 76959.0, 264174.0, 288696.0, 315401.0, 348010.0, 379220.0, 5.27, 3.52, 5.85, 5.36, 5.5], 2)
([72304.0, 80571.0, 91410.0, 101565.0, 109172.0, 65848.0, 70066.0, 73828.0, 77782.0, 81924.0, 23662.0, 25515.0, 27999.0, 30133.0, 31394.0, 6.17, 6.41, 5.37, 5.36, 5.32], 3)
([74946.0, 83153.0, 93798.0, 100724.0, 107882.0, 67249.0, 71314.0, 76336.0, 81360.0, 85835.0, 61853.0, 67764.0, 75545.0, 80174.0, 84900.0, 6.92, 6.05, 7.04, 6.58, 5.5], 3)
([75268.0, 85193.0, 95073.0, 108244.0, 118770.0, 70090.0, 74193.0, 78091.0, 82345.0, 87088.0, 49734.0, 55467.0, 61003.0, 68486.0, 74135.0, 7.75, 5.85, 5.25, 5.45, 5.76], 3)
([77450.0, 86478.0, 92026.0, 98832.0, 100156.0, 79702.0, 81023.0, 83392.0, 88348.0, 92820.0, 46483.0, 51595.0, 54594.0, 58317.0, 58798.0, 1.98, 1.66, 2.92, 5.94, 5.06], 3)
([77660.0, 84943.0, 94882.0, 104778.0, 114882.0, 70167.0, 75044.0, 80105.0, 84416.0, 89011.0, 50307.0, 54565.0, 60453.0, 66241.0, 72086.0, 7.5, 6.95, 6.74, 5.38, 5.44], 3)
([78013.0, 88363.0, 100393.0, 114309.0, 127623.0, 70851.0, 76907.0, 82593.0, 88750.0, 95837.0, 56245.0, 62755.0, 70242.0, 78866.0, 86842.0, 9.64, 8.55, 7.39, 7.46, 7.99], 3)
([79303.0, 82130.0, 85736.0, 77235.0, 78943.0, 53227.0, 51988.0, 51485.0, 51379.0, 51558.0, 196250.0, 197286.0, 200083.0, 175200.0, 174248.0, 2.07, 2.33, 0.97, 0.21, 0.35], 3)
([83648.0, 94561.0, 109956.0, 124677.0, 136085.0, 76946.0, 81965.0, 86184.0, 90811.0, 95622.0, 43919.0, 48433.0, 54981.0, 60904.0, 64997.0, 7.07, 6.52, 5.15, 5.37, 5.3], 3)
([83751.0, 96661.0, 107220.0, 121169.0, 130735.0, 73698.0, 78991.0, 84644.0, 90427.0, 95355.0, 79951.0, 88305.0, 93903.0, 101909.0, 105738.0, 7.4, 7.18, 7.16, 6.83, 5.45], 3)
([92109.0, 98412.0, 95030.0, 93499.0, 94922.0, 77552.0, 80731.0, 83496.0, 84705.0, 83795.0, 327099.0, 334487.0, 309571.0, 292078.0, 284546.0, 11.54, 4.1, 3.43, 1.45, -1.07], 2)
([99756.0, 108807.0, 122110.0, 134207.0, 145994.0, 91282.0, 96985.0, 103110.0, 109089.0, 115298.0, 61711.0, 66169.0, 72989.0, 78893.0, 84434.0, 5.97, 6.25, 6.31, 5.8, 5.69], 3)
([105856.0, 117743.0, 131646.0, 146081.0, 160021.0, 93544.0, 99993.0, 106434.0, 112013.0, 118179.0, 52483.0, 57464.0, 63172.0, 68995.0, 74412.0, 7.26, 6.89, 6.44, 5.24, 5.51], 3)
([117487.0, 131605.0, 148247.0, 164722.0, 186049.0, 105162.0, 110795.0, 117525.0, 124270.0, 132063.0, 54668.0, 60628.0, 67658.0, 74514.0, 83452.0, 7.66, 5.36, 6.07, 5.74, 6.27], 3)
([120329.0, 135882.0, 151285.0, 168109.0, 184170.0, 104287.0, 110685.0, 117340.0, 124488.0, 132392.0, 23719.0, 26121.0, 28378.0, 30791.0, 32962.0, 6.01, 6.14, 6.01, 6.09, 6.35], 3)
([124277.0, 141631.0, 156319.0, 167131.0, 182688.0, 111424.0, 120295.0, 126749.0, 132454.0, 140810.0, 56505.0, 63643.0, 69471.0, 73510.0, 79576.0, 4.94, 7.96, 5.37, 4.5, 6.31], 3)
([131990.0, 151794.0, 172698.0, 195845.0, 217042.0, 119632.0, 129005.0, 138961.0, 149580.0, 161228.0, 53992.0, 61743.0, 69895.0, 78923.0, 87144.0, 8.53, 7.84, 7.72, 7.64, 7.79], 3)
([141633.0, 156624.0, 165899.0, 135506.0, 132314.0, 91397.0, 88411.0, 85004.0, 82677.0, 80656.0, 272692.0, 296683.0, 309433.0, 249098.0, 239837.0, 0.65, 3.27, 3.85, 2.74, 2.44], 2)
([167314.0, 161634.0, 156723.0, 127897.0, 127831.0, 129958.0, 130010.0, 128611.0, 119506.0, 117461.0, 251415.0, 236608.0, 223750.0, 178182.0, 173916.0, 5.49, 0.04, -1.08, -7.08, -1.71], 2)
([188175.0, 206069.0, 227590.0, 246062.0, 262055.0, 175280.0, 186207.0, 197164.0, 205967.0, 215983.0, 65241.0, 68641.0, 72883.0, 75804.0, 77722.0, 6.53, 6.23, 5.88, 4.47, 4.86], 2)
([228382.0, 258678.0, 292982.0, 328397.0, 359245.0, 208110.0, 221960.0, 235186.0, 249263.0, 264252.0, 96675.0, 107936.0, 120548.0, 133302.0, 143928.0, 6.94, 6.66, 5.96, 5.99, 6.01], 2)
([237082.0, 267276.0, 306044.0, 345949.0, 380922.0, 210384.0, 222786.0, 236464.0, 249260.0, 264138.0, 85803.0, 95761.0, 108604.0, 121650.0, 132776.0, 6.13, 5.89, 6.14, 5.41, 5.97], 2)
([257288.0, 289838.0, 333362.0, 378438.0, 412466.0, 229402.0, 242743.0, 256807.0, 271210.0, 283820.0, 152031.0, 169393.0, 192757.0, 216582.0, 233743.0, 6.03, 5.82, 5.79, 5.61, 4.65], 2)
([293181.0, 327802.0, 365351.0, 406223.0, 451487.0, 265892.0, 286051.0, 305948.0, 324215.0, 343653.0, 104494.0, 116162.0, 128921.0, 142605.0, 157730.0, 7.35, 7.58, 6.96, 5.97, 6.0], 2)
([307190.0, 347102.0, 394183.0, 443059.0, 485323.0, 275318.0, 292546.0, 310185.0, 329137.0, 349202.0, 144969.0, 162050.0, 182149.0, 202707.0, 219929.0, 6.69, 6.26, 6.03, 6.11, 6.1], 2)
([333573.0, 378109.0, 429282.0, 485497.0, 532943.0, 296540.0, 314562.0, 332897.0, 354947.0, 377966.0, 369464.0, 417062.0, 471541.0, 531072.0, 580704.0, 7.06, 6.08, 5.83, 6.62, 6.49], 2)
